49884
20092
5500
14963
751
39923
18083
29562
18472
16767
36030
19177
25026
4990
30133
26548
37151
11880
5561
21709
20451
37815
16110
33464
6091
41997
6697
3499
30684
13375
7227
44343
12068
22731
37813
27463
813
34476
31145
29996
9491
43446
29040
21986
6333
7031
13161
653
26676
39733
2717
22679
7246
3278
16436
39742
28976
26920
9929
337
6279
30523
14331
16934
5808
47602
11245
40944
45557
23055
26173
25583
40608
19515
48828
28982
43468
26382
4600
47768
31221
14748
16009
27401
26349
35487
1754
26251
33757
24703
13246
3370
47070
41915
30356
24378
19274
22715
4255
45436
23515
15475
8400
11933
1088
20493
29660
18629
42337
4850
27472
45828
36235
9594
14682
5367
28007
29398
45368
7815
5090
31793
19908
1474
36769
11274
33837
21810
4626
681
37291
13551
27392
37958
46441
4275
29127
10230
27219
49579
48011
18288
339
40763
42212
13173
37768
47938
32576
26775
34411
23947
6689
5267
33820
17711
5606
8902
6874
44667
22657
5899
4002
30393
45440
1417
11164
22289
27016
10878
27445
41938
38807
13604
11441
14405
33269
22707
20043
45629
431
41046
1199
26237
7236
12256
1015
305
13187
38896
24126
32769
49017
19150
36964
30579
22547
6355
27835
19334
11854
19506
23457
14026
8261
18563
4463
29022
27664
29896
37470
38627
42932
46065
37521
26095
28661
8204
15724
23207
8662
28852
34888
37589
41130
7446
9707
35606
41692
48630
11328
14533
46534
16823
29110
23090
39458
22632
2722
35471
33116
28718
37099
26889
18945
2188
4699
23916
29491
3653
17931
28460
45290
32805
5369
30063
7926
35155
7729
38241
12687
14004
46716
1873
17190
18478
26033
14276
25732
48832
8683
47729
14850
35989
19596
28047
17656
40887
49548
43011
16544
7780
14355
3028
20020
33931
36471
6444
35247
44623
33765
19397
29304
4188
46565
18986
48421
40536
32785
49105
3426
40779
183
4467
43886
27377
45553
11737
20126
7017
37169
30016
26277
40456
19708
42623
17708
19889
7241
40421
39318
48422
31525
22487
28660
23119
35543
17889
3293
9337
43093
43213
17346
18883
6102
32877
11922
31710
17547
16566
30819
46063
40419
22978
1618
2246
36206
27713
44196
16949
25805
6698
29615
48301
31248
8252
42530
1096
3456
26370
13190
14522
4448
26962
46022
5431
21916
11043
47661
11267
11165
44330
20421
6140
44087
28967
4316
46525
38839
7181
39403
12791
40681
26410
32849
46793
44998
10484
39587
12962
16269
21957
1886
47157
12468
7090
40572
29382
45989
11523
19781
26859
15844
39423
16561
21827
21468
16787
18474
49336
43283
40097
29871
1888
18127
33653
39871
39921
20281
17578
38338
7566
19433
22565
25639
5713
8962
16035
24606
26
6855
8028
517
40973
26161
48326
21769
36870
38956
30947
6014
10508
33642
30490
5586
13748
37263
47539
33337
46627
33810
3763
47667
49083
19312
12096
1511
36077
43262
19049
1737
42752
32054
47284
44355
6284
22851
37120
35380
35464
7355
22759
21625
30022
36511
26327
48443
30346
28574
8179
39897
34005
41597
41527
6430
37939
32371
30880
37548
45236
16449
35437
46160
27714
19875
3222
29451
42504
47250
39751
28554
19255
35375
32160
22411
44530
33169
229
550
1164
40546
31602
33601
17864
17926
49544
34486
18348
9164
14920
7474
18993
5450
10430
18147
37217
16583
24896
19750
21832
30683
35130
38209
19782
15836
36709
48849
38449
7567
629
46886
8139
22794
6783
26575
25664
740
16759
29662
80
38942
23526
7489
38048
47518
11458
31797
25077
40127
21990
1160
18663
23772
22223
9976
18412
36014
28368
33132
37669
13560
9914
40058
9060
16872
32404
25307
47684
24193
29569
21053
25305
9897
37700
31861
6753
4630
7689
24189
29861
42585
21574
5601
46595
35398
7931
6902
16661
40226
24733
30983
49306
41159
1845
31584
13439
33236
37117
27064
8183
8738
14321
21686
25688
24691
25687
26675
29201
22231
2359
3328
37906
29839
21567
34116
2785
38626
24803
18865
37863
17631
5319
25958
43922
17053
16722
35500
11307
4472
5741
45590
45568
32389
9694
23948
10209
36946
9166
49944
34439
39614
44635
11855
476
15127
35478
46341
47933
18089
45885
3461
30361
13518
48517
6511
15053
20329
35124
43981
1969
2501
3792
14032
48722
41323
15311
9912
17661
47204
7343
21156
13873
8790
5097
6079
2739
7180
3177
31788
31065
16805
23622
32649
46932
22007
41334
878
8302
20820
9163
29442
27152
47554
41421
23690
26688
6185
8645
46862
15298
13443
12528
7220
12837
30587
6332
48409
35629
3615
20892
39045
25490
38383
5065
41394
22135
8381
40433
11564
40726
5479
685
41364
49430
35009
42522
12425
618
34297
3472
5192
11364
26202
11040
33
38126
23942
36567
10506
1685
20691
21402
18169
6574
36779
44976
34437
31844
26554
4110
27665
28942
35144
18119
7765
47132
6394
41021
20289
45251
22226
15444
40073
7539
25281
34330
47995
34225
15010
25074
13661
28316
21640
44093
48912
34204
5190
24991
15251
30270
31406
21017
34649
19449
41892
34801
32358
21501
5848
6324
41327
7321
40755
862
32958
14236
49076
8021
7064
43734
935
6832
8069
33123
40142
1101
32853
23406
15163
24354
1531
46170
29790
38922
32907
31820
1453
23370
9928
32793
13383
11150
46835
28663
41632
33069
6107
36478
29294
27926
15833
10757
32970
12374
31139
26355
34304
15107
19281
6262
24155
43407
40804
25358
9530
33758
20935
45686
36089
36365
32985
35851
7025
46577
43028
36716
20036
4062
47484
40627
7267
20012
14629
6300
22926
12657
49533
8956
38786
3716
45453
4637
13838
44069
15028
39087
21580
17960
41921
31299
38769
49854
5374
24879
31315
8431
23616
286
42108
10815
30682
43661
15316
24577
32359
27088
17326
22786
30724
28482
39190
27229
23244
36788
32599
23987
11290
40710
13916
43069
31948
44012
24312
0
20025
931
1420
10097
33528
39464
12055
13965
28490
24242
35499
31135
15193
16283
5020
9406
19966
34765
21806
38845
23363
28588
6172
42777
23915
10400
26595
23418
12885
43439
9356
36460
961
29095
45676
16960
9180
36188
49135
40501
22328
20258
38736
47979
19798
1367
49361
20881
35090
32454
2112
32904
11719
20240
2681
47161
1374
1761
29194
6749
39922
27610
33799
45369
45350
16387
23593
24186
6581
8958
755
4105
18338
35535
1403
4999
5443
41916
41830
25025
31826
22567
35444
1246
8697
22356
49305
20310
32035
19019
16218
24743
6893
17562
40396
13261
25964
13479
43201
31622
18173
5588
5223
47833
19924
43210
36903
11182
11729
19303
2400
22263
34432
17574
32752
24921
7036
46385
28466
13306
1613
33400
41341
37764
42404
37106
47302
15410
27708
34716
11404
18585
23082
4792
36147
10596
28056
42167
4208
37748
34415
33091
36023
15064
2796
19552
18965
18070
12512
38548
11273
22113
27992
21872
34195
15608
1933
326
37077
25704
15338
23764
9321
40617
47347
43114
667
23821
39873
24187
31752
29889
4144
21846
25990
13802
34820
1959
33492
2152
49550
31685
7549
47760
5763
22767
17272
23956
23945
3098
35831
46043
9112
12624
32871
25032
32334
28980
31972
22746
7843
361
32396
2099
1484
7867
13432
20384
8832
9428
8215
4682
11363
24423
17173
21447
30625
42723
5376
4148
10013
23366
30284
19000
35845
41326
1741
34602
15971
645
17996
35208
35455
37107
40235
48593
28644
33687
5728
16998
39188
44131
529
6093
41399
22476
23745
7252
15349
11429
21722
29332
44600
13168
36348
35458
43379
19967
3168
26272
37332
8617
41981
7034
11675
33201
31575
41668
26428
4430
38893
49962
24950
32385
19701
28011
10159
25242
13979
44294
41490
36018
34780
49168
41121
20045
45412
47317
24700
4524
19294
49018
18680
7998
31369
32761
43289
22579
40271
21248
6597
10896
32316
37181
12149
33235
13833
42435
46969
42844
16316
22699
25288
49615
47428
7770
16186
20602
29295
10716
30172
23462
26300
38963
16866
8387
10455
19662
33087
32839
35973
48924
43037
30930
30428
17154
19529
37673
41456
33076
29400
36981
44165
33202
43288
9510
47862
38675
4214
29343
31246
18953
41628
21288
392
4239
29759
1816
35701
46992
47966
5484
5015
30052
47969
19232
1477
34231
46054
3042
25502
6954
47328
24793
36325
20328
35665
46297
37246
10024
20015
38681
308
48059
4765
34783
782
3585
22665
11937
17525
38205
17743
33922
20852
49498
38185
16448
17156
29060
26662
22238
17932
37456
31164
22684
38368
5082
19395
38716
36993
20023
27931
45358
8663
48971
26296
49092
31086
165
32669
39201
13712
40843
16840
33363
8190
40476
16346
20190
8098
27873
14341
31904
36925
7225
19066
24445
1589
19318
7256
32256
43660
45123
21721
10275
28912
4567
46585
3971
27552
44136
25838
46576
48856
13966
17764
8623
37087
13801
18383
23171
35430
18106
18013
6719
34748
47599
10340
15153
21758
17383
19860
30297
30645
16920
29578
23808
31700
5426
38307
32522
47849
1432
36706
35927
43054
48009
27934
24521
37693
35490
24639
14456
6132
21815
33638
3073
4165
24058
3295
14958
1709
48254
43301
4592
6518
33328
39012
35195
9312
20355
22777
40708
15923
45716
29348
36558
8925
16397
2949
13490
6240
38431
11912
23776
614
8660
12492
15827
46987
25337
17257
27444
5428
12414
13894
47994
12740
16548
31648
19884
36311
15863
35690
42288
44866
30141
9759
14450
6923
24676
47617
12083
28017
29641
24587
17762
9096
47483
29940
40332
46872
20287
9390
48187
38187
19778
39819
11216
15115
22317
20452
11078
26552
9616
455
29717
24592
49420
25082
30271
2435
3909
36134
23035
48212
8421
12540
25880
47651
19859
37806
19807
42569
28408
23096
23610
24514
36389
20722
6425
49734
6090
37165
11029
1216
34009
16801
4759
20434
7183
47685
14138
7970
33926
36464
28930
13902
24113
31970
2035
8655
26522
12072
17357
48939
9984
43989
9714
27202
42622
20723
3441
12010
38299
45265
38656
42566
39301
43125
10855
20014
33162
36482
3918
4599
13660
17071
317
36228
12095
25110
29173
48355
31658
31083
46554
48317
19444
15044
15900
16553
3903
36501
9257
32884
18391
29286
45088
38855
8963
18508
5037
45156
35422
13767
41901
27603
12654
31533
27184
26952
39025
14616
18982
34573
10943
5332
24253
29651
9261
36705
17428
10830
16
37197
2158
21376
40080
31524
37723
7943
19722
49427
8838
49425
32223
28483
25800
43652
15857
791
881
29002
749
27249
34730
48171
49750
30702
20172
21571
19674
48503
17452
12248
31335
31758
31067
40229
14572
5585
39264
24849
49036
10123
28899
48606
45840
49211
8835
28543
20420
31387
12116
3737
4964
10080
30729
49442
30392
26802
19640
41354
24483
11774
14100
29356
27983
10246
19709
26222
7944
360
47876
10930
33928
3316
48648
6158
1
2302
22162
12955
23569
45943
35625
3838
48151
385
38532
25736
26756
419
14387
36250
25387
28635
34842
5172
16591
27343
48509
17535
33746
38501
39804
5662
24924
20388
9654
31744
42764
37226
31824
18094
7960
9511
49064
13429
36088
43016
31517
21729
15838
9169
17187
38873
20825
46651
2956
45008
15123
25784
6152
30161
6991
19111
36837
36504
7471
14338
8807
49035
32766
42422
49502
48626
39635
4252
30080
31827
26774
6644
49926
40015
11620
46225
16237
23410
8728
24391
37730
15507
37245
29776
28863
21866
29985
15978
46559
39816
31324
37762
23243
47412
40858
15901
3088
4749
16317
23302
33520
5198
16307
7069
11773
13577
40130
30776
530
15782
40450
47715
45287
24530
2303
48345
49300
44692
45797
17945
41128
13704
38561
22166
47262
20955
15930
11720
14083
13342
3788
22415
18715
35297
5320
47636
46861
41313
33404
4587
7453
41840
43332
34640
47247
14295
48126
6288
30223
45766
24310
31014
28123
36577
18467
45860
3705
3422
12383
2818
23931
28019
46280
3342
4638
28747
3858
41316
13724
22442
47501
18930
17429
35618
39813
43802
27668
32064
9721
35746
672
37040
3895
19243
41640
42140
29628
27030
42971
5595
44394
4049
3477
29435
12708
35893
15758
48809
2001
23299
21895
47944
35961
7414
49785
7711
19353
1734
11311
37819
270
8226
26480
9961
29867
43171
11658
4986
21506
45993
40168
39827
49405
29507
40729
29590
39620
14197
2129
39065
49816
39319
38868
29142
5731
5464
7856
28549
27018
12404
22452
31962
3887
24133
25375
40350
45116
44952
22935
16078
5271
49889
4768
23961
42263
3633
13346
31483
21847
21093
47663
32266
24107
37155
15586
23129
20181
14170
32473
11604
24458
25036
10144
16728
35476
21170
33671
5605
31911
47278
27815
6426
14803
16818
42495
12706
26385
5018
8632
1073
43787
16708
16163
15680
3239
35574
34395
38961
20472
1201
3923
4690
25507
21141
28096
34300
26877
43806
39953
12295
6899
23232
28122
11695
32488
6375
46859
9480
31776
36791
12494
44889
26614
14855
24965
44828
41869
17984
25331
31203
15832
38908
16211
3954
46376
30851
40422
5433
48294
8149
10074
43935
10630
11403
6137
23275
20777
45195
21199
19310
45923
2584
15512
38084
37296
39474
9080
12592
12378
31241
19869
43854
12800
4206
45308
48631
28847
24441
43480
42991
45077
40003
29763
15792
45769
6933
16745
46858
2656
20844
14168
37257
2825
36975
37620
12071
40808
35440
23338
7177
49376
43394
17760
31669
13156
12027
38223
16428
28038
24480
35550
39240
11427
18670
12389
11782
42113
45194
20197
43274
40964
15061
19886
21796
21455
41736
12308
25975
1304
18555
20680
48003
13763
25201
20731
9549
7988
31193
14007
11470
49136
46914
536
3851
45859
13996
1421
32087
45704
21056
6544
13852
33198
13742
3183
10271
16275
38841
9267
23500
24288
21331
25278
26853
617
37866
15295
14240
15535
13311
24269
7529
48574
33598
11580
24616
39933
17008
40518
13768
22060
24561
30570
7912
47208
18526
4250
21959
33910
45584
1476
17269
9822
2186
31100
30269
27419
1320
41857
32168
28024
15069
29527
17492
49676
22394
21369
7887
24891
32811
49354
43605
16365
19226
41032
5951
47704
15273
16286
2661
18078
19710
44487
30165
1029
45425
47377
34890
47423
45977
7723
45714
49392
45403
30495
7019
37650
37024
32624
28127
10362
3062
28476
27284
35355
2753
37616
43655
6122
29576
42163
28876
13462
5559
19046
21407
38514
42237
38929
15172
47930
714
27321
37145
33611
44448
49411
22063
37418
44620
14204
49873
3773
43609
39965
4101
2727
39843
40218
42684
27447
4500
364
325
11444
49409
24109
47824
7718
21971
42761
42307
21829
24591
44965
36905
46281
9932
18551
134
12350
47035
49225
17017
21416
9998
16036
28297
4360
31274
47845
28175
39936
49526
7312
30047
37920
35516
31747
5572
16629
13571
5841
17924
40081
97
32262
5666
13488
48269
6908
16765
19382
4797
9335
44725
43217
3059
27488
10693
23006
16248
10190
36238
10797
21893
6589
33718
45317
8893
25063
29675
45068
40149
16268
26065
37301
15496
20746
33105
15867
48030
23524
40138
29205
23837
17861
690
32684
17950
7953
23142
16598
27601
32042
49674
41296
13973
41586
25852
26074
44220
39109
31166
42347
37269
29809
29133
36991
45655
21137
15809
46598
10393
32979
41948
236
25150
9266
44997
20752
40367
4050
24157
45099
38878
28532
42260
39987
28086
15633
28598
5975
28576
49002
29610
37438
35598
38146
9615
6681
31124
15256
25949
14022
35811
39853
32494
35515
47622
9963
6243
37923
42434
1284
39768
43420
3397
23814
44629
21307
43180
47436
31954
10489
26130
29046
17967
38972
39942
21187
27391
10973
6298
1388
43637
41246
10059
44446
38269
25351
3252
47517
41530
11994
14576
14051
45930
29922
14957
49805
13134
153
36272
39290
35143
36533
48018
43758
43410
20243
33020
34082
5946
30289
25675
36630
2304
44750
43718
15267
12611
14036
429
17852
2990
45938
38283
40285
6056
43306
20450
44760
5894
10736
42419
30226
45397
4301
24525
18918
33515
43756
3695
5788
8792
14997
42871
36915
621
8472
41819
3383
39005
16967
254
2078
2899
31642
25893
16254
3688
22949
22743
31953
31431
28260
19790
43928
1941
2842
2839
25941
6203
29041
10404
18099
39947
13038
48413
47623
12324
29799
18931
40827
25346
32225
23958
40033
5451
15342
37069
31434
6266
36968
3360
32094
31769
13021
758
7386
31796
45076
34350
19521
10593
41377
44147
43517
42285
19118
37241
21304
2088
458
21033
26894
10174
13708
34169
1910
31902
1182
16294
37719
16893
25014
449
19112
10415
49990
42863
4032
19059
29632
43202
22825
30942
15441
36047
44703
2327
4773
20142
11892
45396
12408
32928
6437
32893
1366
959
17623
45124
30967
13828
15415
17958
6785
42809
5624
22575
38124
18566
49402
390
22582
3166
31061
46150
44705
6280
16845
48637
13568
951
5826
1254
43364
263
45110
27898
24804
22124
40469
11982
6985
25423
4043
20904
23334
43234
3668
34642
9363
19848
44863
20276
13993
10166
20890
43694
5227
49204
39177
35228
677
33296
46803
37450
26953
13391
1450
22491
41590
26612
45624
33015
35050
247
25098
10982
16240
23637
25620
7559
8654
38923
7024
28752
40580
8131
6206
16445
40745
30008
28191
49812
21899
29947
34751
19569
45491
12416
669
41219
5940
44473
22972
13846
9342
41120
29052
398
26378
38070
46947
24222
343
9907
33239
15645
46570
22740
17671
25286
12691
1526
47972
46531
27801
36096
4280
30681
17992
712
33501
3001
2485
28769
25142
27630
32017
38395
29849
2654
40067
28289
24823
28809
42312
11481
4413
10605
9155
20966
18669
3948
18363
33725
6993
18690
11506
30725
41270
34947
41955
4053
35514
3816
23191
1238
2419
33016
43983
4359
7099
4195
1595
37214
46076
27062
43808
34562
48781
40757
18912
45279
30243
4687
8915
30794
17728
26297
28837
1654
7296
45756
20956
42695
12665
47869
17877
34528
16464
13333
5778
18339
39758
20565
14692
41575
23226
7544
24858
12269
3955
48456
30036
18973
48153
6386
12848
49620
22115
9224
9486
37
32343
34308
4705
34378
34591
4396
16582
582
27682
29533
37186
16666
23925
23784
17532
22444
12463
14301
36831
29461
40604
25562
21083
2263
2000
46301
27635
23402
30671
26821
10583
42668
34511
30919
31156
41973
36784
24970
35908
1828
17489
30845
3261
10274
25613
14222
27985
13219
19389
46456
42555
25916
10481
10547
18793
267
16162
18667
17472
11561
17050
916
46982
19542
40045
36098
46364
1898
28198
6841
46549
22894
11162
3151
9504
15413
22136
13304
48487
6573
2278
2980
47638
15481
13749
17177
40325
35025
16005
32973
29975
30984
18922
14537
31573
22429
17408
5542
45204
5060
12576
20744
9939
39629
19263
41985
24090
6189
13039
33265
30092
11761
39078
18435
5991
27969
36730
14086
12942
21441
7420
31818
40107
18258
10502
26397
15999
35110
40626
31624
4903
44101
7219
5117
20879
23196
3578
11581
44297
29158
40234
13198
27423
38425
38394
43150
10308
7672
23785
19973
18152
35284
18448
32815
43091
9310
49456
26343
36569
31357
19372
1459
42126
23892
26086
39144
43544
44133
29644
29081
13628
13789
24346
5802
47575
24850
21301
25410
48035
1071
31718
48349
32298
41479
12695
41496
17110
18326
4582
11411
5792
5674
36346
9165
3975
22121
9735
14799
20099
45376
7940
289
17095
3824
318
29443
22078
43498
17993
422
4112
35888
28257
6953
5396
48177
11648
11046
33981
28048
45596
33151
24675
8895
3213
40106
35056
37150
36034
17494
41180
12220
38550
16184
4883
35818
22782
48527
26249
1275
43579
7725
30278
2612
16399
46097
46581
42831
8924
16348
41393
18524
35523
43643
2481
43370
17502
10121
29740
3147
32875
8203
7101
33343
31990
25108
26270
44076
15889
4016
34257
22019
9472
26203
31276
19956
46300
35217
23909
47233
46270
46726
5748
5001
25283
36775
49801
1518
43748
4054
21902
40986
9492
28446
17616
31336
17254
23993
45112
43531
29526
45058
49640
31034
16300
17913
15579
43568
1858
45929
21691
20681
39351
514
29667
15604
34440
25764
37882
2701
7863
35865
24197
45858
26931
16877
46391
18227
28262
11935
36904
10278
20893
37635
19037
36977
27035
42125
11704
12572
17503
41344
44016
15072
27824
4333
41584
11788
16652
19560
7186
21388
48826
1806
35062
27116
46018
31491
42608
45292
1997
11951
24862
14057
47046
22207
17462
48386
45147
40198
11570
33485
8299
19636
15459
22780
49756
16232
2491
26425
23159
20589
36863
33677
23558
8482
44797
30596
8347
42568
35967
9556
46089
38219
23453
47698
38801
24465
38996
29150
39426
31759
45424
16221
21039
39960
43680
32101
17308
42564
28593
4525
33792
21577
6614
12044
1818
37969
30466
18510
26279
32807
46766
41174
43970
1050
15419
24736
13777
40488
25326
46214
11420
34769
41273
17745
7465
18053
13675
15176
40900
9484
24461
28479
1609
40917
45692
19204
9313
16786
38563
5603
8616
11587
11340
11650
2927
30795
20779
12021
13557
49419
47360
31285
21240
34200
10263
15696
22770
28645
25440
49274
34053
49328
4122
33379
33205
3210
40392
30251
1492
37990
10616
43263
20645
42345
7480
12536
8676
27470
36510
24994
9712
41342
17808
20845
24747
30070
44739
39765
13141
28856
21973
49784
16819
46810
41577
28173
49736
45822
38981
38349
42394
6445
25650
41884
42601
36835
14192
21922
49721
8112
34503
42942
41667
7882
16498
44622
14768
4677
44905
16050
39412
8800
48314
9585
45855
38502
45550
6265
26321
42615
12398
43118
45218
13761
18880
17302
47850
36883
36681
37277
15907
31411
2121
7890
1787
31766
22728
23951
32587
400
38150
17892
30849
9215
38476
1415
2138
10217
48951
44644
8186
16208
30241
21637
1752
34896
47133
10588
12958
3856
28026
10289
7745
35857
2126
45367
9588
2091
13626
1918
35792
15982
13478
8092
16053
15869
33047
37878
28788
29448
37488
26995
4293
21403
44776
29058
1009
13047
32049
2610
9172
13415
18863
11730
12107
36242
1295
24033
16895
2354
47932
31026
16202
7713
4620
33649
14199
44608
14371
7853
11934
33103
32257
2993
45041
47282
15430
46798
42468
17834
29076
11194
796
5773
13770
18882
29995
2557
5707
26176
13556
37545
7761
4342
33531
33644
27580
13154
43781
46053
17689
49156
8780
5415
38535
42155
40960
11202
23118
19806
32377
32858
43173
7635
16439
38556
14228
30287
38451
41458
36293
1372
35569
2533
32106
6227
6069
4113
40625
23716
22726
7098
29042
45303
5817
8641
14029
24218
25859
17900
41085
36316
9386
41214
7135
4426
14785
15214
7576
5535
4598
10671
14834
18948
47500
36492
11731
14761
27549
14360
32829
35243
45654
30139
19504
28057
4841
31979
8081
2784
14174
9802
48365
28345
20876
9979
22603
19964
42706
27373
27750
34968
13853
35765
46877
24379
6028
43465
34256
21504
9757
5064
33632
8740
30403
30974
19223
12455
513
23843
36726
47248
1677
47730
2136
46874
25495
32321
43476
15289
29470
20959
31677
34656
9882
16847
13109
3350
40252
8073
47947
39154
40093
22514
41962
741
43622
7639
7310
16820
31362
23960
45695
39766
35408
38382
20913
30322
28940
16281
44763
9555
6316
46068
6086
30647
29134
49388
42521
41727
2689
11900
17806
23321
36013
10645
13693
3038
1183
14011
44236
19081
31841
10763
42870
20288
13266
1763
46937
17459
40223
18616
31170
34405
30147
16257
38412
39598
41292
27808
25758
22477
30854
23953
10437
30460
37323
1862
21499
36444
11942
1688
40123
45161
49778
32051
1229
40669
42676
11306
25521
8348
49161
30444
1141
13666
12251
18535
2942
6848
19175
1749
1282
31278
2558
14328
33398
43212
42770
45760
39578
49767
11158
9627
27458
42220
32865
47877
22064
22813
44083
31183
28066
27699
1162
12353
39838
16193
18221
9669
12771
47635
30508
3159
13355
31778
20082
10344
22888
24102
20620
31810
2438
17418
48445
47829
3170
9490
24451
6631
33562
16860
26590
49916
2031
9076
16657
4794
9154
20041
45718
41288
48120
49828
37394
41585
3967
18274
38413
29762
49102
34089
42926
40925
20898
49553
6989
13633
222
13293
39593
36770
41163
33384
22537
27543
32038
43344
21427
38689
21457
38809
40636
4815
19379
10965
21919
14049
27851
39908
47114
40552
24251
38158
17637
35671
16388
29766
34212
8526
29075
46985
30510
14464
4343
8982
41224
4834
4972
5378
10268
17390
40598
46477
21383
39022
36555
40571
45045
47236
4051
554
397
4205
47597
23374
19621
34171
45536
23820
36744
21165
23440
28435
12319
6044
45478
20954
15676
9723
37642
21764
48604
38817
37550
37104
46210
4575
27958
1671
32927
21134
30168
47708
36547
42004
40435
27615
6153
8562
32987
14728
31097
26352
16832
17167
40255
39534
106
10228
46392
23294
14684
47762
39364
24216
33335
3638
46175
8007
24876
7012
5658
46751
9692
9269
44331
30034
49851
8250
35826
6942
44438
1370
14287
2255
35177
26149
39507
31576
49400
21515
1957
30273
42024
14277
17423
45743
26643
16676
44416
39702
38525
25047
29147
44711
12772
38619
43198
45446
1939
5377
35173
21477
12418
21249
25207
36911
16217
37692
4823
33954
49291
31745
21665
5941
48227
39621
3745
42245
707
21884
36974
10836
49857
32171
40695
9664
13258
41808
6004
5644
41070
4837
18822
30303
15007
4539
3529
43350
2077
36108
3380
46917
2464
1751
49160
30607
23117
35876
31537
48253
21770
32840
30035
36438
42699
31121
32728
28006
10233
10702
6916
43699
4580
37147
2815
4757
2172
33356
8637
2732
33240
