4780
41187
6123
1236
20984
6435
32178
29598
4551
35115
9378
28332
8961
42270
16259
43471
11524
13981
12438
10625
12866
9623
22714
10003
18892
21931
5794
16457
34977
48342
5454
1643
12688
19854
35266
44357
12400
41028
41980
32213
16512
135
19152
30142
14281
31563
45733
18806
18461
7534
38348
4812
44444
9351
49677
47971
15043
44615
45159
39578
14581
22177
17806
31462
46139
23408
24059
44882
16086
36555
11906
23893
7022
2176
31259
7876
4287
43492
14438
31498
21505
6916
46029
2735
27490
1292
31663
29934
25327
40008
34743
47214
30373
27808
36758
18672
15025
24085
46462
35719
736
2743
32897
8998
38322
49257
1699
31644
44577
42497
43383
40614
31069
27261
23205
7306
27861
22268
42068
24456
36295
34284
8414
43348
4832
17653
16830
18201
17220
30859
30217
20962
9344
43505
161
15648
9055
14823
2635
42933
25093
23725
10344
33225
1429
30448
48281
12600
37416
4432
48700
32331
7376
19713
39385
25395
49177
13576
11665
31018
43755
32200
47615
32132
42247
48372
42609
10917
47806
29661
34021
31652
32463
48726
14831
41070
36220
39263
40179
43423
41629
29600
43350
26352
36770
30997
47032
46175
26328
43675
39598
7447
4807
5573
46120
30550
10680
43046
40252
39776
16090
29674
10290
22218
46707
26981
1877
6909
42534
10903
31814
465
39424
15239
31717
28284
18122
31168
24202
40093
15795
8614
47829
49258
38460
6166
29340
18565
14046
3980
627
13227
9188
46751
34892
18367
17028
49191
29954
32726
33029
14464
49910
2552
12907
47019
23073
3305
27252
49744
32861
43805
31946
31853
958
25902
24260
43191
36933
4343
25348
41779
38162
1673
12626
38724
15407
44199
39918
18349
36484
36792
43357
38686
30770
45620
40347
17130
35518
1014
41373
49347
10286
40408
40947
25540
45966
42245
35586
29524
2873
20867
19605
30018
42325
10103
20081
2309
30691
35374
20786
14648
15268
42266
47694
48273
19219
3681
30438
43713
45924
13982
36902
43159
35578
38065
16425
43794
13729
25013
23301
26254
18593
29055
9922
33815
18305
33372
39571
12236
14529
15135
40260
11253
45619
13616
5869
4140
44205
20502
47400
17516
11673
35416
25078
37393
38809
11706
35171
19530
2265
12041
19817
19666
13115
23855
24102
45017
1702
6775
46197
3745
24481
46498
10456
1862
45115
49161
4851
7013
7790
47822
2344
32540
19374
49543
49374
44442
15322
3269
22920
32823
19775
16156
4617
9572
36551
7496
47373
35361
42300
4170
24811
21267
8665
40645
10381
47879
38506
6541
18813
26882
22972
16085
25444
1169
26301
25941
27718
15684
26367
29070
21772
3182
33272
44324
31075
46415
46790
36272
41618
24674
40065
40280
33002
48613
10247
46998
43055
28387
5491
41033
40522
29202
24108
13466
25635
42040
4384
6180
11869
36336
41246
26142
7059
12665
15958
5264
28271
48367
45811
23958
30638
24040
28174
22765
24659
46703
45645
19585
1313
27946
16135
13871
6361
22318
33434
3027
28803
47147
19702
34
31061
27428
42035
19784
12843
48997
14090
28315
13746
40553
36008
44737
40674
2304
44840
32615
17967
21327
27914
30230
37886
3919
33744
22837
2921
1001
42979
14777
39734
4561
25863
33099
31733
4323
46531
30109
39853
35601
41823
30268
23334
44572
33365
19134
20778
39126
25798
35023
10210
15947
2088
7394
28226
14787
15399
45512
41623
8541
32542
24230
32989
8415
4614
17197
7787
47425
42967
43746
33947
15409
15009
45226
35517
7595
12208
20585
3690
18289
41107
49740
45496
18135
44360
3445
28039
12217
22205
34410
43885
17552
15203
1992
14305
41219
5786
13726
39067
8630
9791
41777
27754
16426
23729
30900
27468
13984
4924
8117
2573
38101
49806
36575
5451
4262
22491
30094
46321
9516
15624
41058
30869
47534
45022
33586
3442
9395
22902
19650
15625
49984
764
11021
4213
5653
4193
23476
15917
33357
43170
24624
40259
8066
27923
19407
30892
18320
47891
30414
33675
39615
37923
32288
31227
31124
20011
48484
24067
7269
48521
11862
10500
1069
45396
24861
6173
420
23420
41097
38714
26380
29128
32130
42938
15718
35954
27303
43473
38810
18705
1866
1813
33501
15024
9907
8396
21173
41691
47503
16924
15307
2210
49595
13995
21694
41286
24421
47922
28084
36982
20096
12417
12478
32571
10979
23532
24785
32757
44780
37389
8705
34670
36533
6532
40121
45902
47868
27489
20610
41380
23329
31701
18465
42487
31431
7317
48892
6924
14560
18818
15095
21002
10838
36084
28289
10051
39162
22360
38351
19006
26586
43834
24171
6990
42969
43448
11573
378
45609
12103
44215
11794
16216
31349
29034
43620
5227
28290
31702
46497
17992
25768
13282
3936
21188
42725
16880
48716
28795
27790
8260
27891
22646
4184
17500
1728
36090
38802
5490
14853
48091
16893
28
45775
14893
45683
34638
11315
7322
21951
20274
42146
8890
32026
43024
33352
43506
27897
12282
887
9845
4910
44071
26715
25703
434
10062
4175
49951
21391
4989
42915
31699
8447
10605
32867
8939
19857
46220
40663
19803
42314
47571
33266
21081
17870
17953
44044
45913
3791
44837
35311
35107
14819
13637
27477
23656
41860
39096
33822
49016
21332
24636
35792
46766
40961
11471
45529
45119
6069
23395
49800
2378
43422
45079
885
39466
2875
47593
14266
30940
18720
17138
40403
5127
34088
18612
8092
10461
46088
11885
24533
16757
14793
21867
49817
5240
27399
8195
35348
35255
37502
28593
22780
14180
32291
47500
11943
18477
40965
45744
13856
35841
21412
31572
33135
23586
18747
16833
43312
46509
44186
16034
23719
30836
14423
8800
26893
13435
45252
19579
8192
16581
22535
7397
13042
46874
31486
5309
23692
35172
15404
38655
778
17127
24064
36726
12267
14602
19236
43672
23930
35959
6427
47563
48101
1929
42147
37143
11382
17769
22732
39854
22006
25743
14270
22571
38520
31704
3037
48589
22877
11882
39308
40126
14135
8518
44909
36316
42648
7009
26762
30480
19473
6944
7136
15289
39178
45803
23742
9585
27721
40388
25018
41071
17304
4819
28327
35168
41
7178
46957
49617
29448
2436
46630
41325
17239
22495
1793
40534
27185
35764
17915
42848
910
28051
11420
42639
44918
25427
1008
27948
11221
41295
37185
14814
31813
9437
5384
32741
12678
41662
7279
19916
41548
3535
15585
2538
16102
34971
1745
6621
5150
9001
1334
3291
22281
6210
14299
46584
36921
44256
21403
21321
23209
41362
23705
46771
45213
1523
38509
31492
8314
27482
44302
1641
20260
18790
7974
14157
27743
12710
12361
12669
35503
30688
44627
8967
3583
5016
28112
39747
7552
29389
45647
42774
540
12623
33303
46501
37797
14371
912
16571
36825
39610
35771
44174
19734
47252
12582
8037
35860
25516
8173
20621
2936
9954
25268
49686
6063
796
38038
5979
46933
288
32057
14473
22987
30767
39382
18026
49450
18248
16041
4806
2561
26263
41125
29678
11545
31223
335
22035
31280
31546
29501
21031
7521
34529
30974
44736
1458
45940
17741
6660
26551
26176
12782
30352
6547
22459
44277
16906
19785
7258
13559
2860
13626
28994
15705
21906
36193
42020
21163
23102
35686
4853
11252
34377
41199
37838
41407
15443
5290
40256
23673
121
6843
24210
48
37578
3944
40348
13141
4370
26213
11936
19963
48733
22170
21426
17403
16327
44523
49710
13275
39925
14120
48764
24771
27684
12724
24777
30070
35486
43987
18419
31687
14383
11766
8182
37336
17712
16279
36385
35466
42483
33134
13154
34789
8641
41312
38170
20556
673
26568
27046
3274
40281
34363
27476
38546
6106
43367
34896
29220
11436
9526
9556
21285
34827
17419
33032
4056
33580
6628
6236
35426
5748
20099
8907
25033
19832
19951
23262
44424
21613
46672
1308
44843
34584
47898
40005
47087
45530
42125
45281
318
47817
45112
24988
27248
7672
49610
28916
29281
35776
25411
33850
41462
42304
37862
46397
28815
6588
47366
36829
33681
39215
5812
9072
14944
26669
3150
24708
39172
11669
10348
42255
40230
744
38474
32004
27481
30447
42353
31316
47575
27634
12410
20884
3481
2912
13276
44617
6841
34107
1549
21396
641
32638
46368
10891
2724
43091
47241
29916
18701
13268
366
29331
32546
5577
16667
39262
6568
4589
23037
14757
18923
11781
18835
32185
49706
2370
7961
2211
45563
44702
5538
39255
26406
3914
18620
20699
35400
32073
10957
39261
44578
9492
22457
7816
37661
9361
40930
45916
1945
26947
13171
45999
31444
13299
37202
33825
4556
25107
35110
16879
31461
22207
20399
10106
39088
7813
48349
34260
20681
30032
9165
41344
39077
10496
26673
35341
47325
24259
17095
27822
22136
37449
12272
49019
49648
1915
44801
40262
32414
10040
34520
13732
31569
46228
47844
37520
16114
49377
31320
22789
433
24505
33936
21735
29993
10584
40585
27568
21773
7385
19909
22097
7923
21060
34929
38837
8315
9587
8129
38388
14143
28578
11867
9621
27423
45833
44348
15167
14356
28256
499
41791
20179
17876
30797
44440
40567
36078
7558
7120
30184
17542
13632
16600
28894
35816
24768
32177
24944
19348
4460
4898
21371
1854
47887
15070
24469
2392
41783
22138
14589
42463
17489
19417
20436
37346
32383
5943
5027
39796
178
11377
3890
24613
15806
8498
45724
26515
15539
3877
17564
9436
36776
30803
27116
470
30340
13947
22901
2358
40454
9981
1891
23811
47051
17113
22106
30805
25554
1645
8555
41754
2601
44753
2331
37787
37670
43515
1302
7088
46942
24267
27682
19844
35008
29900
18139
47924
10081
4285
39155
41973
10546
36407
38947
41700
2807
22359
30897
35239
43774
49529
45523
43396
38955
8593
48464
5936
37658
6699
47270
32417
16184
23402
267
21787
11595
2801
31236
7686
36270
23873
36535
28453
34329
10047
7895
13818
15881
37205
5774
320
2113
16031
29892
41805
21302
14742
12994
11203
39944
5652
43876
24547
12941
37
19791
18292
10041
49814
12579
10422
13709
42550
49126
5117
17374
22854
5385
7798
34528
35002
29320
13631
25948
3251
329
37908
13136
8885
33450
28695
12756
35523
16828
41185
16557
5792
17805
35485
19155
37655
30760
29018
26628
42886
48237
16870
26910
40199
24715
4059
17532
33374
28920
45130
16719
29671
26637
99
17279
49561
1651
42410
8419
25071
39965
41472
10614
28617
34445
22395
17111
21624
15961
4983
6709
3064
46173
40034
7370
35106
47582
19764
34697
29325
16736
14201
15286
25314
3886
10190
27769
38327
11817
578
36595
48746
49121
43290
1064
1541
46026
9042
38177
30083
27101
22658
43806
21540
2204
21429
10910
43232
27953
24220
30062
47900
26298
2600
26741
42658
24336
16012
29589
15261
48820
41857
44466
1681
45567
15524
46588
25245
12865
20858
44997
19046
46323
49469
9602
160
24561
2394
13647
4624
35264
34052
105
38842
17580
6349
31395
39405
17471
43710
44308
6515
9584
22088
40537
17593
22001
28045
20107
20042
41010
42150
1689
39455
25117
8667
23361
33693
29176
10868
43853
13462
32681
25479
4927
49186
38878
41006
41138
7988
41147
28362
11308
21088
40407
25857
33569
44827
28245
37491
46463
29270
5722
16543
46893
7428
11776
47564
3992
25264
30891
17135
12150
35037
43641
42347
28280
25856
13327
31655
21094
7841
2362
14519
8547
12746
64
48053
20327
10882
4464
36333
41966
47824
13244
45580
45268
8191
17474
41114
27405
21888
42606
40759
29430
11686
30856
40964
6608
11698
48681
8307
23982
24539
2184
6456
36679
15100
34962
34162
12523
13277
31786
28008
13002
16331
16128
30943
10446
17014
3387
3734
2837
47529
28210
43457
13944
28671
21938
22450
44107
942
16063
18776
12881
40118
606
12538
22957
20313
454
9942
36591
34358
27814
45859
32486
9754
27268
42124
10902
21014
48465
24591
236
10370
16309
41666
4390
6550
23929
36400
49348
35366
30463
12027
3230
30227
47457
39489
27215
24963
4250
12946
9085
37689
27829
2582
6851
26090
2588
11264
17032
22067
38047
23709
49173
49932
27354
49594
25201
36774
30458
42171
18458
32011
42913
34940
15801
21529
22884
6736
7019
30486
6074
24620
40204
14048
7198
37440
9372
32099
5885
17860
44589
49820
26315
23357
17815
41736
21796
36053
301
427
42531
13118
24003
46051
34802
44311
17986
38266
12856
45687
29543
24725
48901
12999
39039
23213
38064
15742
31935
8228
46643
29911
13006
29716
36838
44266
4332
49438
21141
29633
29049
34721
936
23232
40678
41091
1901
30534
41602
27260
40341
33188
42085
7408
3899
20453
10748
19575
22998
2101
34420
38487
11543
43711
60
17772
26930
4261
36194
28196
33897
16997
20761
43267
29149
24269
36850
37412
49539
39771
12102
6366
43240
7707
5635
21829
41986
33426
16800
9965
41837
498
2775
31338
41643
5261
30103
1380
33567
16698
49647
3421
3060
17595
29508
26589
37006
3167
7429
11905
47954
42076
8730
28629
40997
33634
25597
11465
44632
31044
177
32352
18629
24663
49271
48006
44119
34732
20415
47555
16658
3471
19972
1015
23623
11375
22099
10657
1993
28411
47230
44403
17518
44306
15952
6771
11185
43790
40868
49927
40572
26134
46274
46130
32999
10696
29061
1460
3080
43248
48454
26884
41875
26920
3557
40800
30308
4042
2482
1634
23587
44532
36126
23518
22338
48207
34534
5517
37936
9355
15233
27732
35507
45482
26503
39757
491
32895
48319
11712
31180
10423
39663
11259
10318
46310
7562
49565
43962
15431
1157
35989
46022
11610
3187
31409
37224
28460
45674
3162
9132
5439
5970
4692
16886
13375
39458
11519
33768
38636
39403
5509
13245
6873
30375
17009
27219
2722
37291
26237
31667
11072
47218
19483
29836
9274
19698
996
14034
47884
1847
14700
5698
37341
1986
37174
19933
20200
29631
12015
23039
46676
27890
33246
5729
42064
38392
7873
49675
46525
23448
19999
47424
37366
14992
22666
34057
19606
12135
27771
7229
3031
2117
17591
1979
33875
12515
8457
16470
25588
40528
38695
32044
9383
28900
25730
39603
17880
47739
2292
10541
27819
27092
31240
36653
24937
12431
20837
32805
37784
43446
30657
33720
24309
6689
34551
43890
30502
20185
37184
37046
20991
10831
44445
7000
4626
45153
12734
49612
2167
13161
42344
25015
15798
6279
11770
20084
31994
41759
41082
19693
38582
48704
41728
14015
48822
48189
30042
30500
46997
42041
2806
37375
15672
29321
31149
814
21920
38672
13499
46820
9134
34838
12829
1647
6419
46489
450
11121
39002
7921
3040
42728
569
18262
17376
48362
20075
24274
34188
10758
42820
18985
10597
27925
15591
32770
42494
41942
22650
28952
34494
9264
33918
8328
14221
28404
39394
11701
3069
25864
27463
46063
28852
12564
37462
1580
12341
11790
35200
26804
45579
37632
36660
38313
47913
45891
15370
48004
4448
29031
21421
18082
27383
30337
19335
12686
34736
23898
47629
30090
33435
32906
36002
45237
26785
6184
8793
32795
30618
43397
28425
29251
13998
41886
38202
44848
48302
37381
42273
37402
49120
48444
14121
22766
18962
34302
24452
27918
39316
1976
2788
11145
28510
37317
32796
35034
43433
18845
28439
38498
22174
47768
37056
33962
6131
12202
17343
20164
23694
13548
1726
13461
18318
45882
10319
839
33079
38680
18634
17733
13142
30134
11262
39414
48630
3195
29566
2906
7454
46112
18267
14530
36540
29398
39779
16199
23810
6961
26244
4087
41944
18469
14647
49424
6700
42008
24606
23197
36425
10587
11040
9737
38552
40634
23986
24276
40457
24106
48285
42541
44093
43799
36852
13204
39552
3461
8105
30204
13725
26964
3087
48561
19673
15523
25958
12631
3376
26009
17155
37668
49713
9783
14070
49142
49131
46697
43237
6404
26906
3762
17430
333
36762
14107
806
40378
8846
31081
25802
29834
27556
38984
1703
18324
13986
45479
49081
38654
35130
7075
25492
32732
43730
702
45211
21277
37804
7180
1846
45454
30490
19631
32614
29701
47494
49701
31649
14155
30862
30774
23763
36951
34703
35215
45091
28055
3818
5072
25825
36026
28316
46374
44376
45631
47284
49741
24402
45857
19093
49619
21053
20151
25376
34987
11743
33100
49983
2876
18486
10320
31698
14706
34710
24434
22406
39950
14623
39897
32371
22209
44408
36767
21769
17545
7389
1208
3172
10329
12821
33132
40459
27424
4697
20143
24022
41389
33428
35479
6199
30960
5183
5553
38648
32180
42783
42738
49054
19068
49563
18993
23807
5725
23658
30541
46109
38229
3650
34952
23584
28574
26770
8599
8711
46815
18371
49079
1104
2307
19327
31974
49044
40073
10454
34407
39410
4921
25136
42037
23695
42474
35092
6030
34647
49197
11386
19750
28811
27759
12870
11419
28773
18482
21239
12528
19647
17658
47684
30461
20261
9612
12211
9248
27246
17292
27620
45158
20339
15397
17836
49692
16837
41493
10186
23772
27361
35271
33879
21549
26575
17864
36714
21347
47008
33964
45057
22922
48957
41486
44663
46727
41021
37513
46037
33355
36077
31414
35141
11998
39289
48629
24733
48507
20691
3864
3792
38127
1555
26726
6351
44429
29050
49368
21501
34658
8635
33915
19344
41719
46062
24803
20465
44693
27250
32379
15202
23963
3385
34345
80
48808
10189
16661
9570
7680
24749
40335
27317
16871
20326
37982
11976
25663
47475
26544
17841
42585
29395
42953
24618
46058
45249
42411
17144
37204
370
47933
6945
23761
22377
35313
37194
41658
5479
29793
44152
27734
5610
21085
29839
9429
28786
35016
10634
17137
21116
46432
49178
13170
4984
42417
19245
11434
39151
32046
30015
47801
8947
7753
1916
41013
26660
36351
36946
11344
47643
17243
25305
18187
34479
31868
22294
15247
15129
22638
1951
20121
23136
31908
16449
19827
26106
42021
5592
7123
28142
48443
46110
49032
37236
47075
13700
16411
6108
10462
35427
16154
9841
38649
41330
969
2082
15642
36725
19447
25281
40326
8520
11929
37176
27641
15210
5539
44585
36743
15279
48426
27270
8394
26518
4256
39510
31983
22233
47787
37363
40315
21519
5622
9143
5524
27277
3477
1893
6365
36099
18989
3858
44469
45008
43803
34110
43901
18557
37536
16369
26868
19776
39330
34867
14420
19661
8560
5893
32476
15215
39879
49908
10331
46639
683
29197
18648
17218
2761
39623
48329
13690
30637
31077
40072
9382
35558
43679
26832
16378
19290
14279
47299
17906
23717
40711
43354
26681
14059
38778
41539
22989
33886
18030
26828
20481
46713
24188
5519
23291
15687
46355
11755
32612
35579
27083
26466
17270
8308
9187
17974
11472
3392
8146
33487
21282
36029
35047
12637
48278
27695
8152
33865
39548
10473
2585
37454
36432
43558
32766
22935
31905
29519
10941
16447
41787
18640
49520
30898
22573
24011
7042
29234
18166
40166
17435
31378
23229
34667
29574
20456
5018
109
16255
14220
1028
43696
37793
12654
17163
48121
45197
31509
34860
16307
40812
31291
47269
22038
15188
13798
10030
48442
11604
18967
33472
11688
48998
21355
11700
7441
33538
44952
3722
41876
40181
46808
40698
23397
26489
48916
43673
39731
23422
19367
22482
18392
3256
31252
44056
1619
44606
2548
5621
12497
48210
1290
30043
42561
29142
16803
31613
9511
26468
27548
36837
26152
35654
25963
44947
5191
34024
10129
17371
42627
2767
43042
27899
41280
27755
28888
48827
26384
33830
20518
49453
32925
34078
31089
33656
37444
7917
28391
5461
26117
3545
21114
30861
3811
7746
42454
7583
29148
47013
27818
12035
30503
9787
40605
31869
46485
43346
46186
23841
13491
33088
7904
42667
2357
2637
24477
15263
29990
42406
40130
5390
35807
35702
41282
44949
46844
9825
8955
8807
14809
1767
47700
21648
27369
5382
2758
25978
14424
12259
45173
35813
36329
5009
22433
16094
47028
38985
15976
43271
886
36668
8125
43591
1322
31233
21592
34645
408
10622
5974
37392
12186
20129
27694
30220
39570
38139
17061
20213
30932
1648
36717
46024
1231
41386
9626
46072
34970
21766
42253
16591
17021
45797
33856
20172
37751
2302
44945
16117
30194
33144
19302
47121
40350
18786
1987
4586
3088
47511
8303
1361
2058
1672
21184
4913
29073
7069
31630
48308
45464
13337
25360
45167
6293
23813
406
47789
307
1277
33182
17526
14868
5388
12358
71
46171
24343
39583
41126
23141
13343
32072
6087
40777
47128
21680
11678
17356
40037
25739
37050
13969
19625
22208
45905
21289
24182
16205
45284
9701
798
23555
34628
3706
49540
38378
32102
11517
29514
43406
8416
8613
28781
38998
9705
20676
7262
33975
39691
45737
40635
46439
14023
27986
13860
165
13613
37517
9925
37672
33127
25431
27724
35446
6973
983
34022
18018
27552
37984
6640
1816
2391
14468
26761
26376
13060
41745
49346
4097
19332
47473
35269
25574
3184
21777
17485
12009
11023
17948
20471
25489
20319
29659
41220
13861
38519
29940
10050
46513
1629
11304
3971
33416
39059
25786
7014
26495
29881
4509
37729
8685
22648
32708
45166
18847
44463
49930
5955
37189
27813
20257
8889
12818
19216
42784
23056
2848
48416
46585
23522
34121
48355
13457
47298
30636
1178
46740
22674
29754
38639
24844
13575
7792
33130
47220
26296
44719
42852
17862
45827
2962
20086
46898
30429
4498
47418
5470
4619
7409
21874
39907
25502
12730
25719
31556
14343
8044
37532
45081
29864
25920
45156
6399
19634
49672
38613
13570
12754
5050
46831
18358
45313
5549
49373
16115
25187
35079
22608
47651
4655
42205
30929
36634
42069
27155
14689
45088
35470
20190
10215
752
36279
45262
6920
32967
5163
45656
43775
25275
2959
5346
20262
2189
9512
7550
13459
6833
27522
38913
21143
46554
43219
11979
28401
19273
23419
5115
4048
35700
20396
9253
14080
26571
25814
48492
25797
24514
11151
1589
48847
185
19106
21345
45601
35788
18383
29641
1185
19084
12149
11208
41731
44592
31412
35835
36927
37279
3382
49868
38154
14216
20763
48295
15008
43363
279
3295
41762
37062
43194
25212
12429
3136
46338
49
15542
7490
32190
27231
2014
49530
7654
16391
47711
17178
49344
48024
15571
18605
9230
19778
3337
25942
28921
41628
25712
4322
39037
28320
48908
48546
29307
26522
45123
22159
24502
48516
28456
18591
45304
35209
9966
12265
4080
48001
48318
43266
31678
48687
25066
49371
12777
13649
43483
47916
21272
30635
25097
12542
26226
47379
40703
29623
38091
46632
19286
30048
39113
34799
33117
19630
29
32432
29837
48108
8695
35524
48557
23581
33797
32744
25891
43378
41851
25748
40876
37177
1130
11762
7328
6929
14856
17311
43037
12493
27638
40125
13206
33922
115
44653
19082
448
32629
17884
39372
12294
32144
24492
10031
27460
11237
938
43504
10578
46864
43542
35132
35570
8387
33315
37078
26704
36389
27962
7801
49423
46872
42519
17076
9983
49050
2660
18767
34938
9985
24581
21647
41151
43980
21386
35121
47581
43548
36610
17257
31015
34168
4476
12534
41131
14591
17998
8663
48926
47763
20267
2209
3689
29653
21166
12540
24256
233
12226
1097
12809
43077
28681
401
33857
7612
48254
47242
24720
43508
8737
15726
44062
46340
49028
49312
38137
45862
46379
10053
37682
32674
26476
12933
3530
6148
49874
16874
20003
22640
37735
30485
37256
30706
38122
35848
47240
26834
31685
42968
24510
8958
4279
2364
39986
26205
12019
44639
11932
32581
15387
17035
18904
692
1733
29292
41558
18005
28692
23328
49754
4190
3200
32197
24897
12632
18282
17554
37890
6486
36192
41443
43390
3411
17936
11833
29965
20689
22082
30563
14065
22860
9256
36688
11048
37113
2112
6888
23066
24989
46979
20022
34694
1194
21155
49516
30193
40274
48057
40797
1485
13410
38721
14973
12396
12199
44342
17426
6548
17858
38698
9029
25085
1053
26413
21934
25121
24215
27577
1017
16822
9275
552
18129
48325
10026
4377
27022
43201
11273
30906
43069
15804
47165
10379
40316
9941
47809
4734
3266
19230
10946
5728
15879
4309
286
29097
33366
15800
42742
14352
26268
37543
7648
13956
1420
38088
33517
29573
36310
32338
26919
14959
19184
39978
40164
39134
46007
45592
13066
36012
4026
6395
31353
9084
7867
1948
36656
10460
34139
20263
24232
37701
49145
32248
35219
245
23458
35535
26524
28462
29687
45383
39630
40039
9406
9098
15390
23697
37351
36365
24921
38968
3710
28042
38834
16611
6554
14604
44696
33332
17448
26085
25005
41466
27473
49041
38290
40929
35444
4235
17697
23956
12138
28607
48593
16887
10647
13847
2099
41399
12240
49459
22610
13723
39559
21730
48542
5409
45280
23451
26432
34644
35872
2972
42444
14236
18571
47888
3754
24401
36544
124
26190
3682
40755
37865
29136
18250
12077
2400
47006
1085
25448
32397
15165
16784
16067
23193
11044
40653
21004
24950
23915
33402
16539
31356
23413
33988
6473
25229
49708
30176
224
34678
37426
29434
42819
16106
8053
10052
21509
15994
40035
12066
2152
34415
43624
21970
32390
4980
7866
21091
31558
26240
26247
41431
48981
13441
31784
16333
4152
16367
45730
10961
5338
32521
37725
19308
41374
30302
49088
47116
13403
48460
20734
38534
40322
42873
2989
15084
38310
33715
3033
37654
10165
35571
9681
27087
37013
36525
1761
12526
48664
48267
4217
20930
31384
37974
29627
46122
32739
22157
12218
45369
27678
525
30012
43415
12799
26469
10665
11066
47821
4403
32572
23678
42027
48565
473
46850
12458
26245
48795
15650
37970
187
18866
33885
33278
32970
10029
46180
5708
1743
17283
11756
35831
31112
14951
37270
18359
36419
44128
36263
20993
46539
29080
36689
29141
17724
7806
24888
7591
38508
24266
29935
18270
47096
43392
