3858
14953
13881
35006
5938
39522
8749
29918
29472
12840
24924
48442
29045
29197
21273
32588
36029
10467
29867
19469
22367
48921
23047
35676
8840
8728
42681
15150
38752
37170
26039
19380
43341
17869
29122
9177
46039
18166
3032
21609
44449
29025
25623
29306
1669
43200
19100
33930
34549
41776
17171
30954
18020
46755
15495
25945
27591
30285
8725
25461
15264
22917
34625
35897
33966
36519
18344
2671
24619
40596
11296
44157
5382
9270
18689
357
17109
13665
32442
30038
16152
11557
20713
41386
39856
11703
5569
42855
42128
39450
11170
42224
47177
32041
10448
30873
8141
14917
35433
37535
40381
14265
41765
9715
29514
2961
22160
768
33856
30649
26069
33053
24640
18439
47461
29349
26136
47841
13358
49780
13711
3882
24657
45154
24614
18778
16051
15978
42599
22009
5861
18260
13370
48868
2793
28635
37295
12662
4473
20385
49580
34645
8327
36697
5198
33858
9169
21729
32065
27983
41173
41244
1773
11533
6657
43008
35346
48121
39014
4457
7752
40693
47128
5056
22330
41383
26561
24615
7554
35423
32249
30309
40015
42560
49385
34796
24609
29301
26468
36846
19078
15857
44058
35402
14295
9893
15244
13827
45101
20599
5621
17404
39331
22348
40622
35297
15142
14112
33149
46955
16917
45146
20134
17600
35382
39427
10163
25946
3657
47767
15420
36179
14217
28406
24214
23444
46852
42890
43067
13767
577
45865
41408
8951
553
28235
20172
48449
19311
10373
31618
38430
16993
21237
7199
46305
33991
45848
22033
42422
18947
208
26805
44860
5532
18648
24627
4256
43566
30598
9959
36888
5851
31176
30934
11152
1472
43673
719
37225
38226
36827
44881
40181
3846
11828
8821
6692
17021
41011
34435
13265
44902
9513
8567
10881
12392
33909
22127
40233
13337
21300
11126
18392
39546
39872
47174
3392
14985
26647
16458
6571
16094
13906
19620
18310
27311
41204
9242
33671
32008
48126
13421
48192
4667
35178
19086
15331
41901
35558
28571
11597
38768
6360
29519
48652
4649
45498
8152
24647
36143
40903
42214
23115
10342
29458
3126
4364
37780
31162
40790
1947
4638
23726
28747
24089
11096
37220
43112
17607
48151
39025
43821
17535
18785
11292
20851
37927
49477
41495
27146
10309
2352
3705
26002
25973
26435
11225
11555
44521
7786
35625
12948
47076
1987
48226
28778
36754
34667
48816
5923
44372
16551
16107
40766
3788
3477
18301
46298
10038
13798
17907
5186
9487
15729
1262
25654
16999
25483
14332
5437
19193
22598
36741
36549
36165
16046
30998
40875
6275
20372
14604
36688
42859
49094
18342
3111
42380
44274
34762
15479
7036
41722
15810
34829
41444
40202
41923
45575
24266
40551
15227
21979
49095
32334
24279
26413
21970
7064
39323
36877
5508
43736
49129
15484
29357
21200
21811
47354
9808
49210
18250
22068
16367
15078
9847
25448
6578
13080
40982
19128
34139
43380
18610
43561
25406
15517
14428
21072
18543
2796
5095
27881
7823
41327
40498
38659
8734
12526
18359
47369
25913
31416
44639
44209
49621
48607
931
19646
19482
7264
35577
819
2503
22502
21621
25850
37625
45895
39913
6486
12996
47545
16389
32197
49412
19949
34674
46311
14395
14660
3403
31398
47464
25357
31270
24743
20887
32581
12359
16822
10113
1628
45098
35225
15497
13956
30496
12081
1687
27346
36365
23082
35565
22332
27926
47790
45072
44078
25709
25638
14133
46193
39226
633
21756
11215
6712
11038
9709
26120
32918
16153
11319
35780
49209
42577
18426
15220
5022
24000
22786
18540
16584
45280
8538
49776
35087
34031
27087
29241
39527
31455
36642
25999
49353
31852
26618
16603
40298
210
42167
8763
7843
32240
2972
37287
15513
3942
7541
47474
43388
47135
29815
8942
38707
6777
7881
13617
7091
43392
34394
42156
8699
41049
4999
30594
18494
4434
44422
22353
49952
6179
17938
28139
6968
25729
25035
23005
21313
42232
16545
21800
43666
11584
9543
28542
3742
24882
19184
31622
23520
33364
31948
47858
16201
40952
7491
6672
32855
33411
32082
41009
38747
19692
23030
44428
48201
28432
34694
6548
34020
32869
7976
24213
15231
12524
11780
9103
39511
5964
42509
36880
228
19731
13550
19834
12692
2774
23244
42186
42748
15116
40047
33201
12657
39954
22860
7806
43691
49818
48753
36808
19077
20950
235
28466
42013
30813
40329
10704
22878
33543
44626
16124
22027
33491
17724
682
26432
39889
9278
14027
45305
16393
8564
4130
3411
2111
40884
41374
10012
42257
12151
14411
8293
46340
31984
35591
7070
5291
35983
5292
11124
42093
16574
49813
16915
6686
33405
20135
5689
9021
27933
30491
23881
13965
29223
2631
13153
46191
32454
47873
3826
26103
36274
47454
41801
22081
18334
7247
10600
7025
26719
5497
8466
45836
34754
20377
4276
22044
14884
6810
32170
12887
40811
48400
28621
6101
37238
41603
3841
25456
17389
29798
18595
37579
31139
1579
31465
25985
9457
3986
29465
33799
22795
45149
4789
44712
31228
19798
1743
13143
10097
20240
31891
49406
32435
22085
44814
10733
12238
26020
26429
347
19495
25511
27022
32648
48361
38666
35730
19035
27490
14832
22813
3160
11886
4383
40109
9039
25618
4412
23572
13893
41714
6817
45853
32313
31187
30755
46488
43846
35572
49090
17482
49358
42847
17405
34248
18561
28683
30277
25924
8329
20219
28979
8618
45779
25088
11327
33119
16847
16724
3832
35726
20298
39444
23399
5916
3384
22774
23681
38381
38008
39075
35808
7066
3624
16443
42944
27783
21802
2817
48756
16422
39383
36371
37308
48249
13197
23839
42781
14539
25348
580
21123
31462
11261
23827
48459
4092
37845
2679
38619
12351
22426
44711
24716
32448
44556
11001
4180
32037
35018
40179
3812
13954
20198
44384
26694
16473
32213
11368
9159
5528
19028
19253
42701
7149
9651
37492
23728
18145
47251
38264
32265
30018
40175
33406
38089
18797
40669
19020
14348
1183
41509
8723
11086
39502
29559
9483
11566
26306
2590
12725
14045
30388
38689
27839
10445
32512
4408
12233
7413
19297
36341
8678
23907
28537
33124
3860
45912
42842
33459
46479
32840
5153
11866
40919
8707
16846
23890
47655
21936
48225
20459
40641
4658
9262
3330
33500
49389
21165
46985
32823
25855
20395
36974
20239
49897
4834
16206
29877
585
29421
39590
7995
19398
47608
18461
17250
34292
8031
45462
21028
25133
2743
33969
17730
16832
1558
23965
42770
16727
42324
1877
12905
35693
7306
26579
4226
24062
16167
46975
10638
7949
42333
45868
7561
41730
20739
47193
22583
38315
25580
43408
37988
43725
16597
3430
33061
45727
28134
24629
6882
6912
16336
36644
31125
31456
27612
28707
4916
19415
34610
35236
1416
1771
25258
8273
10606
31608
37959
29227
44833
39653
42477
23765
43485
14969
4879
37994
33713
2663
26563
4780
16466
26108
47635
22862
27271
43916
4245
7966
41163
49677
48271
2934
22000
46617
27861
48164
5273
5452
7126
40702
23666
20064
22147
8484
44633
20762
31511
1177
18546
38862
16118
31661
26993
3425
11248
49924
40139
13338
32023
36966
38850
40242
36297
14711
48333
46668
44317
26328
25096
7834
32977
9975
49042
48647
8766
40636
562
9922
9693
23565
46260
13350
33651
16108
6407
24102
31652
17010
37348
2646
46138
31565
8495
11907
44787
7083
38218
23125
12606
704
24748
30872
24825
19567
5929
25013
6718
10142
37692
39707
16156
10864
24586
13131
13565
9410
38138
35894
30926
34619
34657
23045
7535
23205
41112
49857
32506
40683
4507
43161
546
46309
36931
41835
45648
43100
47877
47376
8150
42534
14028
21263
17130
21042
37029
10171
49788
36940
38589
14613
20052
252
29766
8365
41524
42797
38519
30575
29444
7530
21195
12668
36573
9984
25787
22641
1097
1560
16763
25880
20355
8969
29289
5888
30539
36750
36106
2060
13084
44350
19480
47332
20454
35209
36228
29888
15435
5657
44785
7511
27862
1376
40018
16634
15396
6067
29413
5604
23320
33421
21815
6190
41574
38753
15636
9121
35603
24447
41235
24644
2780
9287
26507
17792
38053
1593
16169
33573
4353
38000
40867
28052
49303
20452
16456
8833
24521
10741
23056
4470
39049
39601
45601
38321
47771
38307
5331
4314
37079
11979
49168
43965
9525
30497
47022
11297
4214
40652
18864
31249
18831
47651
40294
6221
30257
44145
14782
8522
15863
43664
974
9868
41146
14116
44680
39819
33934
10911
9069
43740
12028
10353
1147
22299
284
22939
1470
27415
34949
48850
34746
13833
47207
35758
10952
4202
35551
48663
20928
34938
47862
27522
34724
18436
37078
1123
32062
866
30695
28300
23566
10847
44116
27301
10574
46680
25502
35524
37870
48389
7865
28930
18578
41152
12660
25178
41258
8098
24971
29380
43292
30152
608
36018
15923
20039
32326
18383
24285
39589
29980
49091
24502
6972
44961
13817
26027
1044
12083
32081
8524
25792
41274
5873
32885
47106
44545
872
4597
37493
3140
8199
40271
45270
32573
16721
20602
23964
752
5028
49559
17573
40359
10202
28584
22271
13334
20709
19860
38179
7168
38419
6929
23079
20658
3570
12129
20555
6376
21023
40241
18386
42166
17677
16375
10493
30069
22713
1270
14393
5521
49373
42618
29378
30331
31127
48587
32107
17692
3893
36183
47337
49439
37619
7970
44719
22257
34781
4592
1185
13894
22540
12883
31481
46362
47324
2427
37160
48295
24685
26060
2345
21721
38683
38499
13248
37276
1434
29599
21386
41628
19305
4935
45564
24735
35996
38580
23221
43814
37102
23254
38187
35859
32401
1872
8478
28924
41467
5391
42852
42283
19286
38052
33975
9031
11612
18657
29336
8842
11056
4717
42148
44484
43303
4957
5699
405
33242
3136
21760
35317
1960
8623
33542
22844
8444
40984
20349
19395
1168
6479
23863
26007
47163
11240
6132
37049
11122
25267
3092
9385
2413
2264
42519
42566
23446
2932
20824
11008
29257
29754
14309
17465
46554
37872
1195
28000
7520
36395
2421
22146
25016
16838
11989
37867
44027
14486
38344
46625
7144
40411
40320
3128
36506
40448
45827
41751
13434
14548
8083
33447
17948
23507
46934
40418
48971
902
28817
15483
24511
22716
19814
47805
905
45349
16564
27358
38130
41800
22370
38977
43194
44257
13167
25256
37861
17340
6753
19649
14187
45380
43784
44943
23986
35130
15448
30219
31788
5209
46459
11079
30754
44926
38209
8262
38945
30204
45508
28983
39980
6669
41168
21898
1511
3679
45053
11344
48798
21366
43472
2648
46976
4108
1499
23963
17337
36970
20425
28582
15108
20234
46414
25745
19607
7584
19381
11623
4799
7804
25138
17184
46571
11389
22011
45310
30774
33980
46596
22664
15741
23885
3084
11727
19782
4098
49970
37904
44197
34590
28135
44865
1685
9185
49691
24077
48088
38432
31910
1823
29139
23068
23998
47970
37973
41917
43328
39108
35463
35715
15010
38956
35442
22620
34042
11540
16401
27351
23702
10960
9100
24330
12329
36900
43487
23197
31402
14578
40457
45236
20111
30737
8467
5475
41594
4177
12216
22861
31337
38097
13750
24611
23256
4672
1100
28457
7493
13082
41389
33033
28592
21864
48614
11976
21351
47848
23862
6511
33779
14936
41134
48377
31731
42650
33
14702
45632
22484
38552
48609
7253
8434
40863
38068
31199
41918
7065
13873
24696
25738
6351
16731
26535
24801
29015
5046
12225
14794
28787
2766
17365
1534
48966
10126
45454
1703
49574
25443
845
4020
21299
32685
18015
38960
48957
39438
39187
14368
23278
12147
30862
12647
26123
21728
28162
5478
47138
28813
5502
17003
2383
36609
9982
8286
43749
30305
7749
7121
33393
32541
35937
6812
31136
11512
31626
4422
8302
37773
27722
9399
30347
47705
18865
37236
39689
29793
21703
49922
10518
16449
16987
42882
14070
34498
47918
29187
2505
5430
37162
14485
19187
14751
36685
19221
15523
4268
42853
47840
11929
10749
10501
21744
24384
955
11531
45908
6782
1363
42011
9794
47654
38684
2348
29082
16758
32986
12050
41027
11714
2443
13530
47049
23772
49599
37523
26721
1055
46500
29484
20872
41053
42479
41012
39166
37662
6482
6930
5218
8680
22933
26609
31698
6089
1510
12278
27275
16335
22695
32520
49170
15251
43562
39272
30880
46411
9060
19249
25627
22223
21274
6198
10731
7869
41384
18410
9293
29050
28738
49982
42837
14155
9564
35794
45117
38912
35976
26482
1124
24047
35205
20691
19375
35804
21962
14232
21400
36543
15453
29871
11480
9120
19837
13259
38649
46932
42074
11293
47804
7075
21122
21982
31603
14574
9609
20326
34490
14920
34185
7180
4288
31503
40078
9291
43742
32504
26876
865
31844
17137
19566
27233
16869
1815
34536
20528
40196
7603
47475
6607
17497
29583
20648
25324
39543
45415
30346
36036
39013
19839
8210
14623
2404
13329
37133
31028
21944
39706
32184
37419
29858
34854
27956
30046
19177
41703
3282
18731
42089
47621
29342
37216
18634
47057
13387
16459
28218
16280
42243
24822
20320
15450
42033
15701
43075
31582
3993
2416
18131
28756
2745
25864
20922
45179
15980
42377
7319
1786
6047
981
44988
3748
919
43404
11328
48775
27947
7345
29883
2125
11165
23721
5555
3198
18934
29624
44377
39923
38819
37056
38013
44979
46901
22547
35892
25981
21258
45417
28172
31149
36421
18770
12728
31494
45762
5780
4814
42838
27141
21616
15293
36073
19029
9879
11112
31781
20083
38503
26125
39817
47688
28007
1691
22338
6982
11790
24238
21062
27892
30684
38302
17756
932
12326
32919
36171
11519
31568
25849
26686
9772
43613
15733
38411
17612
23482
20688
6065
359
25157
44596
45260
28740
23668
31302
2398
47157
8496
14952
11201
49185
45554
23432
47786
18243
32924
17656
35684
33246
27159
8407
14298
19023
28629
8240
44904
11536
26278
17599
12769
31155
29390
34534
31696
18945
12053
17189
35125
34303
2316
32942
46925
44738
40351
3265
47192
17392
26354
4532
34736
48477
44929
48395
26889
44734
33430
27805
16166
39070
16247
31548
27225
40014
28336
3370
41501
2748
3714
31557
35334
33567
39090
44603
18748
28022
22003
34839
27859
8196
16079
195
27945
16767
48750
13345
47225
3082
6104
40831
26363
4467
30819
27520
6577
31960
15939
32481
35000
39682
14677
47268
48383
40419
4042
11924
32231
40662
5265
15898
13948
5606
10423
26954
1567
23039
13598
46165
39642
45469
42041
32468
44445
27991
31240
16204
32566
23971
16236
19825
4874
36127
30342
18280
44407
43115
43248
38437
4534
41759
49120
5626
14001
47893
48566
35166
14669
9999
45321
39851
6058
44459
31543
44439
47954
42946
45583
17916
3396
18845
4448
34531
13676
3616
36139
14184
37085
44497
25980
27300
32758
32336
34634
36308
33001
33768
13829
40069
36962
14119
18815
1848
28439
34192
46890
13111
12913
38784
44581
39662
42698
25583
42274
15686
37915
36912
14159
21061
19623
42533
45245
15233
12235
23557
20416
11330
18087
23206
22355
47235
30519
39066
10897
36362
11441
37676
43651
23042
36851
25894
18569
5303
26791
36217
43142
47012
44933
19583
40783
12839
2266
26520
47911
19362
17898
40938
21855
23494
32529
16496
10863
12768
46899
46057
22434
6352
13251
3557
24506
10194
24575
28508
7113
26933
27392
47258
944
35061
3595
9433
16098
43819
48301
21810
4694
31716
4495
20801
27125
33354
32548
43011
4125
34494
49315
48155
49262
47246
23627
48567
44718
38814
15079
11228
34191
49391
46620
32154
46549
49010
523
33850
7219
42051
3989
46034
7204
46370
20186
27505
3213
23298
6827
27883
25266
39136
16467
34990
45294
42751
19844
5802
22846
28735
36399
10685
7027
33189
27824
43066
5608
6299
43435
33981
17837
12466
4399
3135
8643
13442
16464
18417
49162
2560
34151
11146
14771
17775
18428
17616
15772
15732
18938
34487
4441
6564
29036
19010
33496
38143
2290
32395
47406
28719
25594
12909
11837
41076
44505
31236
15081
41850
6822
49939
6449
21857
3824
8142
22323
36303
2015
49811
33968
39518
28168
36811
45376
24815
41704
49986
20681
47372
10094
21255
39667
22585
27539
35133
45523
35005
33804
29185
26910
6363
17157
22120
33553
32157
34329
22031
5060
23626
16000
19391
43355
5778
18468
29664
16870
45204
5748
48420
24181
48256
12437
36815
14398
40539
42651
21107
31117
48060
6695
15567
20094
32241
42075
3432
19905
5846
37683
45468
25791
6624
13333
39328
30852
22892
14233
26193
38243
22398
12381
20550
32696
10502
3050
29208
48759
13703
46397
3146
33904
30996
37001
7482
11281
45630
43556
2075
10779
23259
20607
42390
35682
11410
17648
21317
25116
32568
11870
37
43079
13799
15222
39231
3622
25952
24468
19739
21329
25575
4253
15691
6653
16192
38279
24948
19909
388
44440
40646
6763
36342
23940
10466
7
16122
42284
42251
16265
32020
11
4894
14416
48717
2715
10813
41898
38194
12439
20992
43625
16995
20900
46583
37319
13741
21225
5027
22871
17993
42034
34900
14272
39755
5160
12535
6010
28771
7945
21353
35689
49524
42887
21773
47516
5887
37472
10994
41838
28211
10422
36597
42608
21820
49965
15067
32973
21007
43158
27657
13789
20399
6752
18165
29196
16868
23505
35890
48576
27055
26673
27916
3806
32688
2969
46641
1650
36346
8620
8909
3699
36174
39400
48304
31554
37458
30004
17636
37884
29236
30651
27320
13950
25466
41803
29461
28812
28182
18401
9711
25770
858
31368
20062
39726
1931
27951
39708
49801
29588
24930
14976
39247
23098
114
14356
35003
36495
49935
32579
29993
43168
12415
48661
19759
20314
46691
19383
9436
43393
23456
3358
22574
28502
14431
36833
18041
35217
44016
46465
15551
14989
19212
26017
654
39988
4401
43892
2614
2275
36773
9347
14150
2724
7506
22501
25485
36248
40897
2801
43936
41735
25537
5782
38693
8202
17985
18443
20433
12229
40238
20251
29800
46282
7565
37520
4900
595
1808
17256
49630
1489
14537
30581
40958
20725
5512
20546
17255
20674
21720
41686
9476
14351
20933
18625
31282
28347
36181
43356
48675
28818
39373
46634
48574
43972
28873
1973
38347
28761
23850
9365
46207
498
24561
30999
48840
14048
34890
20649
13374
27730
29876
10748
20680
48113
19405
28244
7408
46871
5195
42912
1565
43797
36594
17454
24044
21662
20994
38902
10790
38650
25377
25245
36251
21615
26935
23220
39818
24591
49973
39696
14964
9998
4
34554
34090
16964
23006
40341
1520
8801
40118
25117
48917
38448
34358
25428
27576
40081
45195
9095
41254
27073
15557
46
24541
12856
39291
40149
18825
17457
24068
3727
17274
25817
18247
18961
24450
4358
29270
3387
40367
23361
30014
49348
20168
31203
21003
41356
6375
47863
40250
20327
5515
36618
27442
3808
28896
40453
14367
43195
8374
43865
34791
9070
21153
25488
27773
35587
9898
10846
10882
24936
33230
40173
41736
1153
34927
31345
36101
23280
49225
33252
21653
33907
7738
32135
35339
3378
8480
7649
23768
43646
20865
49489
24512
27382
6120
42991
31786
15783
2795
19226
28027
32121
31925
42735
30439
15742
12283
14381
8869
19448
38935
12755
10122
6678
38911
46908
9400
31552
29703
41433
4047
34238
1611
6226
10648
38278
40386
49186
12080
1021
714
19866
49643
40358
9113
46406
32860
20866
18890
20312
22145
40758
44308
10403
26292
47277
48640
2762
48898
22349
1790
34066
4553
37981
42352
37030
45675
33742
18388
9251
46177
37203
35668
11916
34821
27627
46956
45859
32623
19018
23060
38075
23338
28798
3886
27488
36641
4560
25544
34616
25993
28598
45485
44269
304
25975
6736
46889
11082
41322
41579
11663
48053
45212
26127
18716
43274
43806
9380
5971
45602
8426
15162
24528
15389
23895
27178
13543
12927
49040
24161
4856
47772
2570
41291
2928
46748
37269
3415
41529
31300
35344
38031
34128
1578
14716
40003
5590
27419
6831
18123
2200
23020
48791
14878
13555
97
20557
47618
48030
37455
39902
28617
12102
4932
30154
16800
28640
27709
29806
12766
29231
30047
26433
10035
79
36343
36509
41896
15014
36848
3452
18228
43825
36991
48075
29117
16036
9478
41986
34982
42163
21984
27731
6969
9806
4458
34301
38231
15357
815
49663
31322
29967
25611
41017
45569
27024
2318
34902
21104
30463
12350
39391
37183
16577
35910
39843
30545
2029
10642
44725
28038
26877
29875
34069
8920
39234
4006
30236
35051
27174
7875
25137
26937
17294
8900
13667
772
13239
11716
1301
42282
41568
24041
44385
25071
14890
17461
25438
14199
11766
39001
19153
17834
11340
46089
20957
14172
33836
24935
24623
34268
3037
48102
45703
2938
303
17363
35230
31275
14559
25446
29912
32951
20212
18419
38389
49331
31532
37816
6886
26265
22571
46014
3520
45223
41104
13677
48101
36524
47816
42271
22035
14314
37594
17304
47009
48873
31770
41321
25086
4168
18225
12711
44070
20908
11943
7962
16232
32470
35792
44622
45681
16111
10935
33829
39514
22702
37684
45021
32328
32153
8530
15068
44909
16757
7807
832
14887
29403
30139
47718
25801
39178
49881
33282
12140
4526
48735
21348
8990
27197
16045
18882
33822
14640
35172
37952
45837
33846
19257
35764
5818
7897
46293
43285
8682
28161
11187
38329
41775
4656
16571
21897
5707
27476
22618
19686
709
20712
2760
17695
15565
49781
4896
26305
46457
27325
18485
1497
12602
13042
1065
40327
13831
18477
40209
28944
6772
26263
9217
3963
32332
21057
20526
7868
13901
27477
46874
40244
21399
20183
23062
40966
22953
11885
48232
31684
34611
22770
47727
45050
8081
46771
5575
19785
10624
12703
4493
13273
17949
29090
24016
31926
32899
403
7635
34639
13655
1727
37373
27800
20990
23742
9589
14206
13640
7466
46652
21746
8304
33042
44831
10885
25400
40112
26976
4525
8713
8322
48944
14017
4034
42450
10933
9313
22508
38573
31269
11385
24576
44739
696
44351
16041
2902
12398
44218
6063
4647
26803
48522
25030
3074
30855
46887
13735
10412
5340
12188
46931
16690
39686
7525
20286
38806
22515
24706
30454
42267
19157
15828
649
7106
13698
32103
9635
31850
39809
29948
20055
27984
25830
28343
26992
26321
29885
4679
3119
43154
38459
32361
47675
35075
48117
9556
34413
3372
9580
28458
4727
22603
36885
30700
12721
37361
30778
46491
39309
32310
12462
9858
25671
29126
7542
42523
21981
14088
14266
38989
28557
41469
9733
5603
13985
27743
38907
11891
41970
2436
42861
31759
18328
32257
49068
42269
45200
9588
41299
16919
40084
42600
29269
49617
1838
14619
37828
6685
4583
22835
38234
32480
31285
2098
49156
15563
41295
27737
2538
5012
48015
43658
32151
10833
26398
724
44334
5712
42687
23343
33152
43287
25018
46870
49432
34654
21886
48
3583
27895
19044
47180
12380
15398
19207
15589
13761
44208
16249
3274
22331
19615
9448
45748
46832
17344
2867
31743
16691
20189
25593
31343
25591
19091
25478
28618
2317
30480
35216
889
803
4398
32166
11500
5406
43507
2291
7661
41890
4888
31401
47195
9299
33771
29637
32956
36349
46560
25984
343
49213
34418
520
22057
47374
21419
19614
3326
26745
42059
29489
21425
17937
16967
11125
14557
14664
39932
19758
29420
36003
24525
14974
45571
7880
48191
34410
4773
19627
43033
22698
36631
20659
36992
19471
22192
42662
37075
41766
36272
47287
32450
40195
40597
48738
39451
904
27050
17728
11526
4212
4262
3418
521
1910
11649
22798
46618
11807
18300
40642
7623
30185
21354
8423
1471
37805
47318
25458
22886
33816
33586
16179
6437
18155
30037
40647
36916
19307
27303
1001
44863
10699
27017
8913
11573
47408
1663
13023
10539
45397
1880
23985
17800
23255
44705
23853
14612
15734
8860
19936
19943
41595
6344
23954
1225
175
32413
41482
32756
1953
34229
43950
2673
36793
549
23879
35156
37854
1654
42314
46823
18314
616
27762
5063
14879
4232
20363
40550
31627
2832
17632
36600
3985
18490
27572
38070
3393
36488
33357
38119
21391
23604
49954
18739
36406
32373
27220
43934
5633
14634
8829
20964
4323
15533
18028
17483
16181
23354
30132
15158
27888
1212
38895
41294
31953
31310
36960
6562
17083
2725
21950
7690
26459
34670
45340
46321
24548
32518
14576
7811
6115
22498
35624
43746
31612
43470
36552
13933
5486
47538
8338
15254
34425
47155
14744
15760
4998
9102
21789
7424
41955
11862
27518
13231
21868
22185
33129
1238
41804
18592
22996
6181
14956
6432
32300
32643
2647
21702
35242
23133
7903
12797
11983
10247
43870
20409
37004
39958
28013
45400
49898
5880
40769
3798
42350
5143
40377
3952
15112
3839
22203
35308
29723
12846
16878
10766
3314
26329
39467
41101
45170
26781
19136
14226
48413
47909
21016
4263
9949
22247
2710
24419
39596
21405
20871
32553
43557
43031
16968
30353
19882
15259
43024
6084
10166
38714
36276
29163
36090
19797
28577
35970
40301
45092
22683
27534
48896
13691
3442
29827
47344
3354
32224
40033
28228
46703
1889
27180
32754
14699
16959
46531
28290
49950
34852
28250
11635
28962
39290
28500
3684
2905
37954
21788
8639
10570
3
18836
15625
20274
18044
41337
44963
16908
4985
17199
13513
46511
17584
43927
32892
4382
18512
8289
2213
13183
44517
2951
30306
18821
29670
12484
17623
43810
22783
37665
20
48080
13005
15515
2190
27394
9691
25703
28939
35634
6249
43529
22963
48937
9155
44162
16648
27649
44629
6611
43758
12698
37116
6452
33827
28191
29419
5786
28658
40375
21048
14113
5259
22823
24942
3936
33253
44857
48812
42664
30518
29841
17681
32786
30268
47139
45767
33342
19208
41377
11785
