32182
40979
14402
15011
26603
43119
31565
19557
35621
47694
43622
2599
32562
20492
20209
22531
15843
31076
7947
47776
7514
43362
34834
48726
16473
10003
38065
45695
14328
13674
12830
2820
18232
11206
18897
16902
37104
40700
4036
28066
18107
15607
8337
3885
15015
9483
49697
35663
26149
18036
31066
33145
28493
12128
2879
30406
34893
7534
17624
21164
48158
13743
585
19937
24315
31919
19768
2666
30299
22992
27808
40575
44681
9076
39916
23312
20786
45025
27068
28950
18171
16727
9786
21608
14442
47806
9545
27310
33815
39038
23568
14804
161
519
19887
25902
31670
23731
15615
2285
47635
40136
44137
36650
22649
38645
14348
46854
28918
3258
20875
48273
45620
17423
21444
36939
9693
4832
17519
13338
42048
11327
44649
23640
35825
4848
40552
5030
26639
18444
22514
9866
40641
222
33014
47206
21479
6916
37207
6468
5452
45776
8512
11673
33577
19775
26898
28204
5916
4180
6830
21249
9651
26172
47770
1116
10917
6134
30483
48311
11272
17683
38276
49000
30863
291
17004
17637
15955
14208
41375
33570
12876
2918
5483
49429
7871
45733
22147
42607
32037
7083
45375
16422
39454
12513
20081
49479
42864
46477
46892
7248
19531
22888
47021
29055
19147
12699
27978
1392
14497
36253
4575
12610
26306
23865
4995
29333
1673
24362
28115
26454
32322
39545
25580
7730
18783
3624
27153
16435
26198
34471
11613
33165
46464
32897
27886
5701
4800
17891
21296
22696
45551
48965
10284
10620
23572
47000
49924
32370
12792
22791
9220
31354
32767
37873
3468
35236
36551
49011
27057
46582
3330
30533
32138
12951
25756
20942
28706
26338
7029
23321
46068
35244
2110
48943
14642
5251
34582
33852
33119
18220
26337
46111
30388
37587
8384
46938
8723
47543
9206
33571
25320
3497
16193
2817
18201
10103
11793
4222
49899
27458
1383
42506
47877
2434
47610
24093
26590
10434
12646
11676
18617
15111
1939
34104
42050
29056
2873
13241
34004
22492
22635
17330
18307
4140
11343
29014
16049
49828
37814
25029
47130
36571
23301
35628
24083
19069
8648
12731
30411
5348
8525
31596
18266
14718
13576
41253
43444
21319
41424
40780
26784
36579
35766
31946
47879
42371
8968
4713
44690
1920
1967
32447
27490
34759
27061
25721
12855
46313
17120
12605
31541
39895
14318
3967
34419
38237
18141
40191
27728
38221
7334
12395
34310
30640
49654
34683
18193
1794
5667
29984
33184
39578
45243
41059
9723
1370
41935
45185
43136
10016
24766
24905
25238
11306
627
10286
32691
11898
10774
23050
899
7393
10984
43373
9679
43581
12203
31416
45385
13988
15787
46180
19823
3716
21155
21228
11219
19907
35739
5912
18126
16590
15220
37617
20766
15569
3243
12874
18270
9208
20193
22351
33548
7732
48956
14212
3241
47474
43864
42380
45970
20771
24950
7824
31133
40425
49996
4279
33769
45225
3730
12101
13804
42565
25641
23517
24401
26748
6521
26157
28382
24424
2267
16915
9855
37048
13216
42334
12003
23412
10783
43268
23686
26089
33551
22
40613
31299
34679
47627
44959
16451
43111
17523
37593
3111
23418
11412
8212
10794
40142
18722
36023
43977
13335
25935
43546
49296
44654
25000
6254
7321
11318
13080
34694
36620
23945
45592
12146
16404
48483
11800
5582
40437
43452
17738
32534
8564
41983
42859
13455
37922
22157
32362
45925
17342
20706
30944
12930
27503
19303
30496
26335
47145
12692
26245
29310
8220
28732
49059
24732
44078
28737
23097
807
7473
14236
22709
27937
29736
40316
43302
14629
22863
26228
12171
25866
34765
25511
48977
10551
44626
41184
2019
29831
14622
27088
232
26798
32648
19646
4734
33758
5066
23888
39326
13495
12293
27632
33260
1051
23881
41177
46007
27414
31465
10676
25835
8557
24701
37831
13939
44393
20503
46602
6025
25085
20527
9125
39697
625
42404
41785
41558
6755
23324
4377
47191
26192
23734
22237
38227
16574
34798
22550
6893
27992
2774
18208
29506
1317
31135
46066
41632
49119
25638
16097
14608
38665
3532
5355
6554
1579
2972
19705
8071
7549
19322
37289
40047
25406
21908
30739
6581
5095
920
48855
2989
35620
14621
234
22836
5182
16970
49581
34795
15484
45392
10238
33018
40322
45266
39091
6506
37654
23479
17372
4234
40153
25469
40261
41672
26771
27102
14027
4792
36903
18724
25416
19731
25795
40836
4831
46342
39874
3739
10837
44999
47443
8942
4430
29436
387
10939
22283
6224
27346
45155
49061
45770
39227
12193
6645
39028
48895
21357
32027
38122
9481
8084
13184
25972
11784
38181
24397
33173
17873
10718
22986
14828
37106
1959
2970
14414
11537
2625
8442
36290
38559
30798
27765
14604
42459
30682
8128
11602
3636
34368
1809
8603
36147
49440
29327
28565
48206
38490
25430
12906
32572
13066
39842
39759
33565
21004
17389
16129
42756
19692
46612
17603
40549
11792
9742
12222
4201
36110
6747
45686
35351
16398
23339
1741
781
27126
18871
19184
14291
8344
28692
17723
4731
15410
9477
9833
8950
3873
42169
49607
19966
4682
46050
12666
31972
15360
22567
4434
23605
41487
1818
2927
10398
45074
16807
11629
48092
25929
46014
42412
539
13786
16215
21412
21163
9579
7853
48137
27746
45460
40706
45710
14154
8377
37855
8148
20645
13275
21906
20426
48870
24064
22561
30654
46771
24926
16906
14156
40385
44113
38046
3889
30513
41991
975
29636
779
9215
27685
27980
31721
46261
34654
18646
40488
13114
4109
21765
32387
22014
27204
17016
12362
47224
22676
20533
17085
40212
11467
35267
42600
4375
39051
9175
39062
34268
28878
13107
18138
37594
28301
31045
36408
11415
8482
41125
14655
34200
15940
35319
9921
35310
45969
3517
39390
45303
24061
25830
12790
16833
9078
5166
8280
23558
21577
46530
35519
23388
3462
42483
36385
48735
28518
26223
15477
10152
18285
28680
21040
1641
46877
2436
43738
6414
33135
1542
32071
19296
4806
9297
18364
32101
24699
30365
13853
24002
194
1267
48073
1530
13130
15200
43571
12465
36141
48365
39744
33871
19163
46564
1793
25912
9585
43122
14172
17834
16416
37127
25564
2133
18678
14157
49700
15176
37336
11789
49956
1009
36268
19376
26204
9001
18564
1852
35874
2007
48194
34600
19874
30239
10263
43541
19901
8438
2247
23123
2693
7089
7098
3488
30391
18612
9803
44910
30532
17887
9330
22511
14946
43134
29948
18586
11443
1830
33234
24576
40960
26760
20009
889
44938
47956
36152
27823
7616
32166
46491
27121
8178
2033
35940
31691
31997
18239
31884
37754
44918
45005
11156
13989
23074
39747
13955
27049
14085
32030
40217
14088
9290
31897
17487
35711
23038
22587
29135
46766
8032
7661
26663
17302
33291
2846
14840
25049
1745
22275
44230
36367
14120
19686
32457
15326
90
32741
9954
49471
7465
47508
6836
18819
18733
47935
21867
35643
16867
7209
8585
32730
44344
15658
30680
34555
49342
36349
48251
46728
23670
45244
27738
48222
41891
32706
16176
26982
1372
10959
23293
21925
35645
6265
32420
29714
48282
8173
9858
6317
18901
35853
13408
4189
21168
20558
9475
46589
3068
45997
14559
9660
38750
26990
30377
46683
43314
18086
8454
42043
11705
47452
30858
29920
44327
38459
8172
14930
36092
21750
11991
2540
38563
42230
47200
18385
24771
26305
3259
27800
41947
6026
19236
32106
42717
18952
32642
15584
21332
31002
38291
37009
34181
19373
44909
3901
39882
32136
13759
37925
11089
33108
42594
49781
46826
7298
19963
19536
30144
2737
28399
47127
22733
38741
34639
9933
35901
8767
10842
6126
26757
45822
43154
5118
39178
11923
10433
18863
25415
8165
22571
47034
31684
45803
3956
42773
9173
29887
33879
6071
8370
11199
17926
13085
33100
27993
1655
17831
9564
35437
11639
43726
8649
8420
31016
36226
47322
16758
13593
19681
30933
20397
49618
45850
39865
42882
35292
4146
28457
48170
40127
2648
27424
19922
34853
46493
38764
3813
26813
42999
28242
15659
4151
45590
39543
7290
9152
16780
40891
17909
10918
25885
48540
16714
46402
49713
28477
6557
5354
43402
1127
36599
253
43573
27909
14282
17541
4475
28731
34244
48722
33211
45191
1778
6422
17430
8722
24092
18111
30774
28155
33101
33607
10749
20163
20329
16731
20413
4760
857
3772
26626
22855
30204
18998
47586
21567
44868
38193
36474
23658
27665
5072
12780
34536
41545
6200
30975
31912
47643
6618
35083
38423
12601
9399
45250
19871
2443
6602
19291
26564
27967
26097
24358
5162
805
14340
47138
24384
37223
2947
11836
969
49306
21207
19080
7498
35532
44047
47823
40057
28700
29561
6045
14064
5823
10427
46932
41168
922
36951
7906
42604
40643
36422
48761
42953
2337
9612
46002
3222
25765
9024
2082
1769
45458
23104
39140
42023
16284
35479
34407
43428
45091
43013
17337
25882
22420
20032
31975
45439
17920
18520
5097
41271
7719
43733
37410
10949
17414
43773
5598
11960
17104
40404
40577
20346
41013
32021
40954
5260
16983
13446
23202
34822
10501
42650
28738
150
21017
12639
29213
30305
30737
29936
45933
38648
40611
34741
10193
29165
4221
11564
32443
46939
36738
15154
9489
13439
241
16164
48814
23695
42740
1100
42880
1426
13941
20632
1202
46657
9156
24949
9995
18157
37399
19838
7213
3709
13925
6883
1196
8251
14938
23278
17567
17449
45783
1737
809
16805
10993
44322
38048
12953
31825
32230
26261
49791
33709
42021
48186
47502
26005
6961
31242
2154
16787
44852
22922
774
38504
45380
46817
45914
3472
8210
37752
29247
35359
29449
36633
3591
9737
18858
23122
333
7426
4672
21116
33463
22826
11578
1120
14993
49726
19126
4350
17768
47462
32304
23114
48719
27772
20820
41159
13826
17644
25077
32250
10942
1150
1041
9111
28772
46886
21864
30452
26859
8000
32686
3834
548
45514
59
21347
5720
46697
20153
39175
41102
7501
36624
36643
21
41349
19929
42837
44020
34061
49131
15127
2083
26907
47313
42482
48928
33874
23348
2312
30097
5945
16190
25380
15714
33131
23483
49463
45479
20877
37425
29154
49081
46196
11257
20080
15860
4720
7050
10745
40226
11389
47705
10085
8739
47775
33318
3043
26453
14321
7603
24871
9760
42365
11008
17349
46910
23805
39606
16116
36106
42992
22080
23043
4597
45556
32022
49004
4592
25212
20190
31837
866
23659
36228
30643
37068
23938
2014
24521
35079
24079
1214
2659
8549
48677
20537
42984
19390
21983
25549
41821
17303
22769
14567
41212
16866
34948
45344
49672
40460
22129
33750
46513
49559
29257
10499
7925
32376
36623
40806
34944
24113
3011
22609
25820
38977
47444
872
25092
46586
5843
11297
33919
41300
11963
33923
37250
46554
47925
18386
19332
48217
27026
17140
21782
43828
19859
1629
16632
47106
17355
7971
10553
20743
21275
13864
45763
40644
43288
42908
5428
16647
22521
20334
24622
30830
48939
42628
15115
37870
15554
28270
18271
3053
33780
7700
4027
19662
27375
45737
15003
36289
31715
28267
35529
23245
1664
37330
12178
30913
46631
33461
14948
47771
37240
12284
45163
26913
27128
45262
27901
37945
35179
11240
7081
29665
49557
29307
12209
9004
39236
20319
29219
36386
14434
7212
2145
36322
4543
28558
36789
25016
5614
40906
17311
2277
13861
44175
7972
12802
116
43924
40317
17458
14456
31591
46655
13549
23754
6858
392
43993
35258
19339
21721
38639
2189
45419
49628
42105
44508
43548
40319
6954
37879
39392
46576
33670
47912
27175
38340
5852
41975
31635
2780
40618
10574
32070
11023
17316
22164
20070
9123
25191
36446
39780
33572
28512
22034
49930
38466
8382
16596
12730
23804
9767
28570
22190
35403
41266
25891
2264
5659
18735
26412
29190
43628
39044
14867
22254
27434
26592
31865
4477
45123
18436
4273
9064
27813
31086
44149
6013
21243
12296
35418
24258
38187
23978
23738
31029
16169
44143
48859
31207
7002
17080
15102
9934
2435
7168
47726
30078
49439
48618
16567
5516
7788
11563
39530
27431
38499
30604
49641
34002
22249
15435
37265
20824
47050
35430
41696
13260
44805
48108
48295
35738
18680
20454
18694
28113
14468
6428
45186
40802
29623
2675
12429
6860
757
24057
17842
22800
47799
12234
25810
26226
32683
33336
9890
39631
13382
48419
31164
31757
41274
12807
36627
14689
48924
13951
9697
6833
457
44468
7530
12936
23602
46680
11618
43076
39601
40504
45035
47678
39883
31246
27724
41234
22967
9910
27867
24365
47689
19232
6952
48508
14393
28765
40830
28750
21761
25976
26783
14666
13401
31339
27850
26427
40332
13507
11208
38036
47220
49018
11054
17226
7654
21674
48001
49174
49263
33797
7462
43649
35195
16511
3292
40984
18100
13801
15509
23660
37325
18935
22062
6972
30029
48024
17253
33867
27075
8383
11913
49381
29908
47989
27650
26729
8093
20866
25208
44412
16332
40713
31203
5885
21230
36929
40207
32720
5021
31539
44308
27794
47362
18223
26127
19810
17275
21651
15557
33194
25007
20856
41986
16929
32252
39692
44571
3273
8796
47035
45202
13239
24544
4932
45485
714
25974
49148
4458
5311
13301
33305
9878
9335
33207
2584
35465
9509
45834
28804
9765
40423
42276
36853
42927
4560
8893
26168
8875
47168
31711
6489
12999
9085
33897
13010
30313
23260
33845
9007
17461
17014
2283
26930
13647
37551
49562
46421
44411
9766
23313
7659
23768
7503
39218
4327
42413
7683
16256
41192
25731
47618
38579
2762
9442
28292
12295
35051
17384
10747
9372
44960
41217
40283
3238
23275
22314
11464
32474
6683
16997
42402
4265
565
7448
16882
34850
35264
49435
6895
20750
39906
3346
2496
7401
18097
40936
19760
17722
46993
7102
23361
37422
1064
547
24484
11787
24441
29277
25596
2005
22089
34862
45677
45214
43020
49411
35694
25874
15151
35945
3142
14204
29932
33206
4379
10882
13895
23646
36736
42210
49121
20513
44625
34810
33230
8825
46
12746
36046
39437
3555
2428
17734
8225
16937
17331
28989
9863
21448
43267
24417
28081
15462
22500
1408
20327
45821
25050
48528
44549
19454
16082
28938
35803
28873
14900
42490
21118
34052
7721
42347
35322
10039
30198
40971
44992
41026
12628
7735
25544
49676
41742
1394
33505
24338
41455
40964
25306
24654
48610
48806
15437
19971
34336
10479
17091
43297
32827
11619
14995
48917
37081
7288
12982
14967
14795
6725
43969
31166
26362
40220
37981
16400
17169
41568
9837
17626
16077
7124
39256
49847
26141
2250
28685
47040
14546
29905
644
38278
38522
3452
40258
43636
38719
19031
12865
38271
23714
34153
20307
11716
7597
22001
42507
21331
22334
24228
34673
39622
17861
39204
16474
10153
10964
27773
40484
48185
11163
17002
23032
6349
29275
30738
44220
29589
18048
40678
5232
14512
24121
250
43280
44598
36938
27601
33188
31288
9646
3990
31786
7214
19457
25614
5257
16089
24590
19522
49705
33870
30183
41209
10458
37476
8550
35688
12451
10112
15966
45444
23711
43972
35910
19626
2862
20353
25048
2094
18907
39654
39668
42150
20214
5722
40341
49392
42802
36359
2084
9400
45972
1305
40290
9539
21416
45655
31510
30851
42294
30439
25061
43372
17746
18879
6272
27607
20637
38330
24400
31282
24932
13006
29808
33532
22265
43064
29791
44423
16019
47566
13852
3911
20042
26601
20366
22358
8244
31657
17802
30553
10380
41531
37736
15476
18521
35652
39456
9458
14034
3367
47192
41928
30107
32924
32770
44024
4822
16361
11016
23712
38739
4074
41798
10060
47773
17141
49271
27459
2736
919
1206
4817
47949
21548
40443
31149
16823
38807
35200
9770
15980
19835
29474
43879
36126
1474
2305
49508
46684
46378
33494
12569
18399
40871
43412
18001
12089
29575
48381
25603
14657
14530
34192
18946
19150
30989
42950
38882
6530
12567
3426
20394
6444
21569
25408
41752
27279
4874
26179
36123
13461
26700
8502
9793
43315
15701
1754
1717
784
16933
21279
853
43790
34833
28758
14227
18121
19487
10541
9835
27094
32364
34931
41720
3187
20156
34879
9634
37610
29955
23162
5837
36332
49315
3167
43273
21682
30742
37218
49541
25903
17794
28616
4255
19800
14322
43120
42798
7699
10768
43819
32196
42033
28508
7351
20422
27305
26755
21450
30473
32554
28741
36851
13618
2236
35941
39225
49495
36629
4419
40214
46494
23777
41115
45870
27711
19938
15774
25732
41938
20292
15006
21494
30137
21035
35989
6202
37375
36944
45519
49938
18281
7776
32864
15989
20615
40
31667
32055
37749
38627
38021
20171
34838
23234
27677
20493
35445
25390
13285
49333
40373
19434
24287
47209
41318
47203
26933
29382
46239
47440
11722
30248
41646
3148
18587
25821
37621
40938
49185
28947
46074
35389
21258
44094
15915
16419
23385
42100
47920
4260
37210
24006
43999
42924
29713
17611
29037
23810
43615
22630
39445
217
38954
1513
13121
16247
41062
18575
15312
26504
42451
20122
32942
46361
32677
7780
37834
28411
15602
22061
21261
31836
6730
28659
12545
49709
2963
16955
3995
46275
70
3902
48685
32946
14076
4862
2500
30301
11854
34659
7364
39929
21325
18212
37876
4990
42293
48704
18845
14677
9899
6065
23318
5853
32641
11507
20020
24840
47107
23059
16534
47095
32821
40366
12281
35052
18459
28660
3280
45633
19160
38624
5749
19042
471
17612
44979
4487
6519
49155
26382
10521
18277
47753
37402
28099
28612
43796
30381
22059
11933
29276
14875
33504
37003
45142
28779
11947
27943
47977
14465
18137
13456
38202
28350
22830
49267
45772
22158
49866
45219
9707
4153
24023
40763
47729
15728
12682
46267
41812
19022
15894
38447
49304
1224
45018
45482
36120
21677
39160
26836
11922
17931
48077
16270
25372
32849
26998
47620
24899
37813
49324
46084
18472
10119
24487
34183
35819
18764
4878
10104
48477
5393
36041
21265
9099
9703
43686
34057
27456
31922
47505
2843
45473
17079
2733
17795
13150
2788
45531
12253
34038
14869
19543
32229
25480
17211
42903
17150
22985
29366
46276
20054
42974
15718
25818
48211
36923
26360
18633
45749
2673
12691
17147
48950
14429
7602
429
2123
46119
28522
28039
13896
39162
40682
11384
3252
38755
44900
17266
22480
24806
25292
10392
25941
44558
23223
43172
16936
10303
22744
4381
38090
49504
46497
10888
14557
21194
23017
47408
36437
15790
19689
22318
12026
3560
39596
3839
18450
16961
5786
7188
36945
7154
14105
18912
42512
30185
17450
34575
32854
20564
30638
4738
4839
41252
25949
10865
1373
4561
31898
4106
49518
30413
23247
39488
12334
41483
37053
48080
35250
34267
33947
39344
3973
3635
22617
674
29202
14816
16139
21385
26838
19528
43296
21684
18197
30256
1450
20826
9349
14090
19885
30307
21382
17877
9502
26850
13412
19912
3326
3176
449
33515
38895
32893
41822
29939
42087
10451
19813
9655
49902
42603
29610
7274
41453
43031
8289
2712
42535
46650
40665
2234
4307
39356
8970
21117
25643
28338
40286
15734
4660
29098
10765
20871
15168
22837
9273
30153
13310
42863
40268
9963
28785
22498
48038
15112
1339
15152
24405
12478
30353
22513
30242
10605
16967
31393
7043
12134
25753
24421
35517
6863
44517
38852
31143
3599
33068
36960
5180
30681
42969
22124
35450
6249
9872
32066
42164
18476
13279
2904
43024
41302
4710
39284
43975
38092
24205
26638
45286
14258
28167
18560
24829
45902
32882
38979
42629
36536
22284
42904
30815
25332
49317
3688
38776
310
22717
45644
9529
33434
36488
6281
18196
11914
48488
15963
39470
37688
43188
15199
14914
27206
35113
299
26353
47605
18622
43835
46998
12530
1315
41103
8260
13762
40770
17498
34760
12406
3306
9147
22969
16216
10485
10116
25355
30206
37871
11254
10641
49598
45702
36855
41788
33688
49213
19426
20966
9615
34744
38708
40036
25444
48008
9364
10
39785
37891
25674
30725
13134
24996
39958
1657
34589
15201
36292
9285
19385
6605
35143
28837
16542
18042
5768
30559
11279
47573
49488
26346
35324
47305
10766
27135
39656
28711
11956
33302
21201
21649
44360
36480
36992
45121
11565
32928
25347
8396
40496
43374
22385
30131
48689
43294
30884
43391
20342
15958
14532
5193
37987
45510
21676
15715
15668
26540
23545
10196
48447
3383
26301
31434
33232
5442
25024
40660
45226
35198
5051
33725
18136
13212
10210
34343
30915
10015
33140
26645
45616
37977
28040
17323
11967
19742
2253
6652
15018
3538
24318
43147
39703
19943
1256
30885
10970
33312
1974
48896
31365
27079
2430
30419
2275
49139
45669
2256
46383
36730
18041
45069
26285
34782
16665
38553
48066
32995
24815
21963
23794
19478
15270
45916
16095
10778
6601
18255
26037
14725
38538
5498
28480
11046
47983
29196
47996
551
17001
47844
3611
36538
31247
10121
17886
22359
9186
2553
22789
22887
35008
41180
22615
39088
5936
41332
5368
13942
15148
21876
43355
17618
13789
641
34717
478
36637
22501
40916
34356
9725
7405
46098
23435
34446
39432
5241
29137
26861
289
6821
7609
43091
23262
16828
22204
9821
41735
19968
32638
1931
35589
30410
38425
44123
8914
24708
33071
25370
12410
5044
3622
31357
40585
42816
9310
48620
42514
4075
26318
13450
18781
23246
8927
44413
9223
7756
43322
10643
38143
48104
3138
37449
42936
35003
3623
10132
22031
40517
36417
7986
15037
32399
45172
9453
37267
3432
30319
8367
49133
23842
4318
114
13525
6715
18601
39961
2151
18227
8508
21007
26401
40340
48960
46508
32973
10818
12327
19348
9672
27423
19940
37122
413
20357
14196
722
8516
28911
32911
45027
34733
9795
46620
32382
21622
18711
8845
26910
43358
46454
29669
38737
31659
38388
45572
45934
11323
7666
11778
26291
35473
11749
7606
34631
39107
33843
5436
6077
22592
15567
10156
9374
10162
972
10905
4401
31036
29036
9964
9789
40308
44514
2358
9462
14788
24898
26203
9735
913
5652
13566
17956
1094
19802
8409
46517
17411
27568
46129
16184
29886
28579
41438
30368
19794
34308
17714
28463
2319
24916
3854
14556
48490
36338
33045
25158
12476
16145
14561
21535
40955
34591
16876
15822
24941
19461
34015
17782
25329
24004
10358
45294
7055
10583
19393
15933
11278
5403
40061
10278
12627
25413
45939
43255
15120
8694
45353
28868
24468
45058
21751
17946
25228
42052
12617
18972
37842
4894
45549
4341
10994
27987
35523
36017
19638
36270
17502
15859
22624
40731
19436
25090
21268
17095
19744
13224
40199
17737
15979
13442
18528
11909
19192
23304
24181
39085
12502
33469
6372
19325
17993
8624
38732
44006
14771
16944
19777
17198
24390
46666
7945
27635
34113
38510
44923
34165
42814
48307
30330
11846
15878
16096
1915
9640
30538
25369
26673
46583
37159
29406
34392
3953
14066
44982
40723
13696
388
36805
45530
12864
3711
38131
2746
5279
1891
28184
7120
6641
7333
10226
4264
37131
15824
14363
28553
39251
49650
18022
19064
41959
4037
13192
19074
30720
39503
26670
16355
5121
33475
48773
28152
4901
45843
23880
8064
47087
8814
7819
3071
10040
29697
9825
45197
43281
27336
44698
42420
47247
4768
11128
23429
12104
17215
6706
2338
2551
48332
31009
44793
34535
17639
12467
11127
13128
20559
38314
37667
42703
32273
6644
21690
29431
12902
45116
27581
31403
17371
49911
30850
37197
5234
15096
33483
2768
44651
3697
19919
21609
34205
29384
36283
38024
7471
7526
44072
48385
10659
20241
48061
8435
32848
20231
37314
2032
9242
23299
28702
49228
35297
26839
23359
36329
43960
14099
39063
19289
34796
30180
11373
11678
2793
24245
5801
13889
16117
34572
24453
49844
49026
30780
5320
3613
27693
44280
16152
42159
25094
18792
21713
31605
29574
16699
122
35545
34456
20670
26610
40079
3895
25739
16641
24603
10078
39493
40976
46999
37597
22181
20679
24738
26445
3407
26616
8479
25060
67
2273
40117
13063
3216
29651
35073
39713
40605
21129
11774
13771
21098
48606
24152
25404
11786
43042
45792
18557
16910
43326
48308
5397
6183
29750
25507
16720
16728
5692
49662
31298
34665
36983
1290
4675
30465
33806
11311
10285
49208
19100
71
44810
27784
33326
6174
8837
46955
14552
19517
11555
47511
3755
41284
32156
3691
30565
26945
357
36045
10698
41166
26057
8413
45943
44860
35372
42385
40361
41505
45090
41313
41633
28329
13294
17109
41630
23647
11681
12706
40750
47174
49860
2853
15693
11457
5861
316
14179
26016
29072
23877
2917
12745
6066
44289
47896
16055
40166
4970
13096
26508
47066
5819
26952
27245
4121
306
26218
5783
28359
8245
13370
42213
39115
45547
6365
21282
31630
19498
14902
26152
28850
37478
32489
20181
26531
30215
38561
31115
23464
42127
3652
21939
42704
31106
31291
18761
49634
26620
33865
39320
4028
5271
35943
37606
44640
47343
43112
42279
35741
30936
48652
5186
7080
27344
3643
45922
16369
32778
24316
23758
31233
11659
48455
15350
17428
2919
39330
40144
25604
29356
14016
41885
14424
31774
11771
16347
14295
47420
42586
48121
45658
21738
8303
44873
45008
13155
46848
9091
20693
33404
29091
11453
37285
14970
10405
42994
13017
18369
14059
1112
48450
47078
49997
6357
22102
6587
18957
28709
45356
30118
41776
12383
8145
10144
27196
46537
2529
29435
45495
22075
42047
31790
1472
40638
39238
49785
2671
42102
22652
1213
8811
22556
127
4612
39781
3921
28304
22252
39688
48084
23908
39581
10342
24001
28915
19429
19590
47367
38027
11717
40948
8308
12187
3129
23274
33858
2086
2645
28747
6625
15123
28229
41245
11828
9169
37413
7441
1253
17289
5974
45848
24042
