17428
9869
28571
48098
20069
7608
49217
28406
44786
17336
31937
2961
42591
32712
48405
8567
9261
28353
38863
8841
46186
36099
49926
14617
20516
48590
12187
14523
4913
1610
30873
18750
13503
42905
32164
47412
46346
36401
48626
44462
35974
11127
20095
11547
7645
47121
877
11688
4690
11128
3363
1682
16910
44052
46744
49540
48121
49688
36787
32129
44469
9787
24086
49003
34883
18209
30392
867
31664
29972
36590
18557
3342
20129
28674
25319
47269
39813
5974
2157
7694
30615
33316
49783
14250
40413
45905
39084
4289
29458
47692
34586
46713
23809
47078
14323
44651
32221
30027
17158
47296
7170
35305
17264
31827
118
44036
24477
32745
43910
22917
14467
5654
19919
22196
41976
16966
31983
23770
11774
17703
9028
21478
32115
29519
48743
15031
49779
21847
46698
22918
36381
44678
29565
46327
1456
32473
45405
29926
36818
46302
8510
41535
8539
23647
41391
39376
29112
43104
14436
40895
22117
32563
44058
21714
39065
38273
35844
7199
46848
22016
34251
26655
49287
27190
9036
12555
31012
26150
32466
23957
1277
4643
17704
26908
8821
47636
25548
6438
4131
44588
37552
38916
38516
42157
20653
23397
7791
38601
14695
40970
8945
19893
16999
38585
38933
14902
47159
41495
41967
18703
16293
23846
24712
13399
43042
31920
21696
44066
26011
13798
47831
17313
49833
19831
25297
43648
14683
15480
9676
13670
41282
39586
19722
41228
26222
39050
3876
23720
9211
24089
34078
31399
16725
4566
25945
46221
10899
13034
322
11599
1231
27979
21237
7457
21658
2468
21786
23019
24603
31722
41876
14220
49596
23429
4818
48371
47641
38027
29228
34049
3256
19248
17551
32476
11485
33813
45802
23931
508
9242
9911
16234
22367
29504
16491
29335
8532
577
1940
13125
30565
35654
20187
9902
29258
19469
49278
43199
45880
47637
18344
7245
20587
35402
41409
18498
46305
36266
44809
13869
46685
21520
9959
27575
12709
38430
42824
24938
40050
49460
49001
39319
33147
5465
31378
11659
37499
8441
32110
13520
2953
44479
4345
45860
29529
12541
28359
2706
7628
35167
1462
9511
30420
40324
44646
31989
41329
47715
6012
47419
13711
28229
31068
18899
21592
5731
146
3006
4049
24640
45101
3179
29938
36683
1049
41244
40043
39856
30675
6178
9598
17068
2845
37070
41161
7838
44902
31790
23615
1045
34386
43689
24453
45033
49260
28235
20599
38768
25973
4986
15056
18989
2548
48129
8975
1718
17544
20430
15119
2032
38777
24738
13294
39804
32666
49611
6579
8003
27168
5915
16452
14685
6961
2324
39665
28029
1546
44768
45057
32006
4737
43776
48561
20631
3371
25934
47933
22548
34055
31254
46262
1286
42766
9394
6905
40384
11617
28091
29701
26624
19929
30624
29139
42604
37215
49775
43493
33814
31900
21962
28808
24022
47327
14031
13552
10752
25380
2521
39533
12007
46232
20117
37861
21864
38100
24571
48390
5162
43254
17664
41020
38557
45568
17446
42646
10070
7460
8041
5664
3728
28772
43716
16209
17698
15493
29780
23996
41601
3125
26253
16014
23443
48331
43487
48719
5321
48585
15819
40326
44953
2738
37785
8808
40353
42133
20144
21686
17660
29793
9164
24871
31560
12601
384
49448
11668
1511
48599
42382
7999
48088
45700
30361
36477
24869
43971
41527
20685
13925
38903
47830
3000
14232
30318
49840
20346
23763
31295
44084
7493
11293
2337
37161
14089
37414
47467
23589
22463
11639
19799
36980
8864
34889
41421
46466
22923
43968
39289
12013
32844
44173
26544
38976
16131
22028
40165
48657
42590
47797
30213
6767
44635
38945
46468
38319
17828
22700
20397
11387
34479
19126
34146
44139
16228
3813
25305
49940
2164
16164
30960
1864
46062
30737
25378
39033
49298
10193
40914
20131
5856
32046
4827
10011
36633
805
19433
24092
7180
11199
12815
15562
33956
34204
23761
49408
18954
44252
17041
14494
25277
11025
4984
39865
11960
44267
44926
43110
24922
25983
18887
13602
38317
6070
44234
27683
19245
41158
8846
35141
47997
48039
34801
28700
12174
39500
19875
20963
32621
5741
23378
30964
21462
46109
14289
40985
34437
4558
11195
29692
9129
38951
23256
5615
35998
27662
13393
40058
4266
23857
18486
27967
42827
24077
21969
11998
10021
44354
7492
9100
26202
26939
22413
36767
33092
11339
46659
25490
24337
3490
9930
30838
42482
46496
23033
15156
25058
36543
44673
3248
23202
1098
13601
35323
10653
4151
13089
7789
17864
22368
48494
2279
2696
12454
18969
23314
5147
45783
29654
7489
41229
32392
42744
41738
25639
31383
30573
40863
16805
42195
17904
25194
19312
22171
32416
9345
27096
46160
27138
37005
48776
9656
39822
46354
12971
8420
22420
36054
1823
14938
27779
22611
29159
46594
6284
37167
33031
4542
37967
10854
20601
49054
31402
3524
14942
45211
30779
23380
16796
19920
42455
19871
38702
15739
36366
24402
6167
40973
49143
20234
43850
22560
12758
37110
26736
22842
16780
45249
9332
10085
9846
35154
43464
30059
24147
48814
24562
6619
49117
7680
14543
45948
17835
36124
22555
40587
43562
15714
20648
14047
44422
3458
16493
38181
39200
4201
17744
11459
19501
41331
21091
43645
31232
31806
26727
43070
29976
34804
16508
32985
34311
10936
49747
23026
16478
31808
12369
33309
33704
7715
19834
10345
45225
13589
10273
19087
20853
26364
15442
12879
18217
4452
39315
10311
33470
38922
20098
12796
9256
43887
23628
21620
10357
10579
20432
9762
29749
19604
20921
38893
41303
27082
36290
44329
46495
38020
4279
30222
5845
210
46971
40549
24312
7190
15060
7091
45169
48771
43182
3554
9706
7388
7041
26355
44258
21183
41350
44733
8212
22176
5308
33759
7316
42460
34550
46602
29846
23154
11181
6745
15093
13939
3154
33274
46558
40797
32339
47546
26771
25345
49212
14131
35412
7720
17810
232
9753
1837
30193
2978
33663
14293
3682
40959
10517
2146
40273
5025
27332
42562
28432
40710
48940
39337
18965
48627
34817
42616
31894
31706
20561
29063
48904
8034
8709
48049
27680
41045
21509
42079
16841
27602
16153
21698
40675
13921
12379
21612
20027
36689
37705
39759
209
45663
24781
32536
47499
22347
20527
15840
14200
33069
29282
13844
42525
45944
37825
11101
5857
34056
48361
22947
14621
13479
6581
24921
24992
47811
4904
37603
31577
14009
17793
38662
3435
23616
2774
32772
242
41029
35983
34230
17105
7348
34288
34898
31128
25815
31734
19077
14828
2997
36908
30944
7264
48913
42872
6486
47497
41533
38397
4062
13734
11756
49285
34552
30138
26333
35845
15035
48855
36984
43389
17908
32868
29456
38559
8983
30608
45806
4881
12684
24717
26120
47096
45739
7701
7084
30569
2684
5474
32359
42334
27830
22764
27437
15232
25761
30748
40313
31943
16915
35396
21807
37625
12263
6925
21828
39091
33557
42724
20025
16455
4948
6506
33278
8867
46846
34322
9679
11204
30074
15294
10635
25932
12526
48188
13331
49923
40565
935
21292
48079
49874
27708
15804
49462
15994
34912
43174
29677
43488
33565
33044
15846
48925
41297
35951
11672
41004
26966
27660
10007
29296
43603
28254
7044
36396
31639
26091
40666
20480
7843
17675
38641
46105
16696
46407
27595
18722
24724
17925
6722
23339
46092
43459
18284
49265
47302
5359
12587
32345
34245
12441
28672
46539
21037
9521
12657
23502
18103
16062
28621
2043
13335
2694
36012
2566
32918
39057
21791
9303
45180
1809
23955
10815
12632
1955
27295
34013
33400
25565
49311
28998
15631
34092
44244
19456
1741
48277
9431
20885
3041
48532
27403
44536
41652
37926
9170
37917
45420
7159
12765
896
49607
38973
36563
33551
5921
7242
19880
43605
25050
24566
28538
21813
46107
8573
4585
40762
35635
13968
1551
26712
49426
29494
13118
15601
49232
28122
28352
15061
23313
21976
49491
44686
45455
19166
45923
39724
16855
8244
28910
15783
16012
33650
48138
19571
1320
29019
41455
41114
16077
15797
34376
31251
24979
30418
27024
42188
33228
31925
25558
37007
46643
44828
25377
22596
29699
19862
30661
9442
40000
31348
9938
11890
36520
26746
41576
20273
9754
28089
12743
12594
15906
48899
26405
43891
38086
40410
33321
35799
29792
22388
15867
13722
40207
30039
47237
25974
38756
32988
136
21283
43372
5344
20637
34385
40822
41617
36542
15610
8346
24746
38330
33866
21474
28018
46279
25689
37253
36359
15950
44643
22013
27989
47774
15738
19939
21152
1631
30553
8475
10797
43786
39322
39936
42935
48917
41032
893
1502
8107
2286
24297
16929
13784
24680
2883
2771
39940
49381
20865
30014
25926
18562
17867
49503
19760
36663
7214
16925
10190
34533
20494
6453
12929
39484
17209
4977
22365
29212
10168
43669
33643
17701
28626
38420
36907
1694
7271
37920
34238
5195
28761
9965
23564
12629
2775
38464
5459
28790
45834
48269
21498
8571
49795
46026
15451
4492
41978
30673
26519
43085
19351
37259
31776
30269
4803
7300
46858
28105
42697
22882
40518
25523
2597
31607
37239
24999
21529
24936
11515
18093
13332
4840
33615
29552
42978
24329
761
22675
17815
17030
12964
12538
35322
16211
12336
42392
461
16474
5247
3483
34145
30293
42443
6068
19989
6725
991
31253
12264
12276
15557
27402
325
43207
6295
46547
40149
45228
17409
18810
13997
10963
41742
15633
19144
18832
32937
21020
24263
15425
396
26008
15506
24109
46268
33847
25280
21848
21003
17219
24269
37727
20336
36085
41063
5099
44282
34429
34097
44827
27238
30902
2184
236
45444
17008
36208
38892
37081
1389
16223
27262
30676
49589
49716
19095
22165
28210
39566
5236
29429
5983
3605
8825
9582
19533
13470
10249
49505
12025
21877
41155
4084
31935
24540
28192
34358
37826
44448
6515
37755
24923
44004
5171
28804
15577
44080
10824
45068
24003
27442
46598
34571
21455
6353
41291
47314
14524
47642
18134
30457
12389
40472
34489
36128
12548
42498
46827
10614
27773
9822
28163
49225
12685
20896
8696
45488
4578
43413
36844
31282
12378
5014
2588
41857
47606
3025
49021
25993
4423
35335
7861
30209
49998
38785
30088
34616
26950
12183
43853
47136
43847
42113
14384
10531
41463
29828
15984
37505
13056
36905
22998
19079
35404
16588
31268
34833
23437
39569
29969
32817
25658
36217
12069
18608
7769
49017
49033
25702
4467
30757
2763
40239
11112
25522
2183
10632
31442
34132
32785
14797
17756
22188
31696
38385
21610
24628
22547
28754
33464
18600
15549
32529
18229
29579
21707
27833
11770
46997
26917
33142
17642
42698
28440
27345
32769
13142
44813
3022
37434
34626
47739
48207
32805
8964
10758
36692
1634
31347
27392
42174
48302
49118
16556
8204
34252
5690
28736
10586
44268
29450
37746
39893
48422
43878
8398
48625
12322
36123
10432
16701
38717
9987
46143
20801
32845
27141
13361
12468
23067
3132
16812
3280
23981
40857
44555
15475
42494
17591
46030
38366
15808
22731
1713
31303
7699
3767
607
35602
16896
33304
26739
42989
34541
28263
38888
26799
46899
2167
47167
4161
44485
42813
3790
37224
39282
45421
47555
39092
25777
46289
29816
20031
1152
20090
42533
25740
48935
21855
26827
4362
14896
25260
5439
31017
29554
48411
43011
34302
38361
44024
45271
7873
42076
39090
39346
6866
34074
48724
35190
32751
41094
5399
28726
5698
27459
46422
767
37317
16578
697
34565
17346
21179
32924
44345
45545
48711
18156
4125
37056
14691
47209
4728
42016
27316
7181
13765
46536
26680
11437
24120
5288
49455
24128
46930
14001
18059
21059
8755
573
11267
25390
16771
1172
45762
22003
17645
18729
32895
34084
26808
31716
46428
42041
22742
35775
4702
17595
6698
13245
47899
18714
27770
182
36139
27348
19889
4067
32625
13112
43798
45222
10863
37229
26479
5503
16767
47037
45278
5626
46676
34732
11405
5152
43315
47054
16277
7472
10945
18721
3080
39923
28575
9607
24585
26543
3471
37419
45179
30793
16626
17189
42932
30473
24796
15488
38564
8134
9355
48934
39066
48208
40697
37541
13050
37531
10803
28693
44847
31409
43693
24867
30831
10862
32481
277
21910
6154
10315
24899
35748
18632
6707
380
47920
1091
42946
32758
3356
41793
4495
28757
9388
39116
18985
37501
30642
43107
28718
47080
46393
22890
3595
20315
26785
14103
6202
38427
17368
2305
13236
46288
28870
1486
44853
4838
40205
6355
28251
16957
35265
29452
24702
40951
19182
37359
13980
43753
33578
35941
27885
28510
25670
1928
36166
18137
3498
40938
8683
9178
33912
38165
27956
48048
43801
26884
24283
14140
20991
22083
35386
21061
8239
43599
19506
17102
18934
16534
6058
18245
3171
27462
30684
23694
23947
25588
34531
35200
38272
22232
9274
29683
16969
17079
25394
23661
27495
14760
15713
10397
4486
23614
19925
40957
42100
19370
48148
25578
608
47766
7772
18591
36100
3674
14210
40131
5657
15893
41636
866
25668
7547
40485
10323
47431
11356
10493
1560
26824
32870
29274
1086
24679
10399
14909
41682
4162
26322
28724
4061
47093
11642
25816
4338
8741
2277
5472
42199
22435
41490
29280
26783
14732
34454
5614
9614
46678
48389
28912
25581
49628
6973
34693
687
29606
38770
20852
15353
11908
906
46419
37561
45339
44887
12129
7179
21997
2895
46086
14325
6240
47326
15884
8889
6124
43427
45604
18906
30233
36558
24661
9435
25267
33764
16801
14806
45190
14023
28380
17917
20349
11416
40526
23079
5703
23061
25198
31165
37495
25787
38977
32839
48557
9566
32934
7409
25339
2427
33128
17015
31837
5327
35286
1684
33857
42175
20759
38943
37984
9525
983
9413
4060
27813
49711
29444
47317
29653
44770
32903
18659
4214
1463
41851
29140
24641
15509
22951
47882
32403
12534
14856
457
11076
8086
14460
5069
21023
404
8660
47799
33516
24491
37334
32931
47329
15077
28140
21306
17253
17196
8062
33905
8258
37806
18955
43012
49349
33336
8083
11374
47337
19282
9004
46987
7727
42587
6972
42804
24300
37909
45301
2662
43659
25337
8655
31083
13561
13436
44319
23320
8549
37160
48094
35391
37165
4765
3607
21064
28716
10713
12265
18018
25531
45936
12499
18525
32376
20383
24957
25843
11114
10741
10197
22665
24212
21758
36386
46864
42543
49420
42057
317
17762
33647
34856
43125
21243
42945
24492
33943
8443
40906
9499
32968
41868
4165
4239
17963
25838
35690
40379
20449
42984
19740
29480
1759
21387
783
33058
34318
14499
40359
33421
6867
30428
37945
30
38547
38980
4653
1954
40328
38772
10578
24179
34998
17965
2932
20097
41258
1400
4509
18106
3375
36615
28092
32411
19347
32954
9009
14727
13876
32070
48852
17166
43660
10020
46749
33750
46902
6743
17316
4746
598
27175
25037
34459
28300
4967
5426
34944
36927
44668
46945
40639
40159
39709
27686
14138
33797
48415
40022
32251
20190
11618
36482
6112
28515
284
22973
26341
19390
12079
33922
4918
29888
1195
15590
17866
35422
18214
25651
29754
3382
1454
8132
38718
938
6711
5696
16793
7847
37039
14550
36909
35263
7320
371
9983
49067
24700
29759
40411
36819
12435
39584
20795
44296
12328
49371
48850
9281
47253
14069
36393
32432
7168
4368
12296
1708
5665
7965
8097
33819
5033
3180
47401
33229
48026
2459
39179
2824
10141
700
28865
15333
13833
9119
44970
13181
22254
44794
42110
8558
18485
20019
6799
6976
37581
23416
8682
35764
2343
29297
26773
19376
13777
47698
10083
2894
18819
35673
6963
31063
25086
1500
27980
46284
15944
27499
21168
21321
23074
20323
37409
45606
37502
18364
17217
8144
18564
42947
28026
16050
44608
43856
57
24019
14294
45654
47309
16266
28107
40133
6323
41933
36524
8237
14062
13314
43826
26274
47195
10683
25830
8304
16319
6265
17818
35243
907
20457
35959
14601
23102
7653
21650
21513
21504
26169
23450
3253
25998
1084
7877
9404
48589
33929
44837
6801
38219
17669
34346
24710
33708
16093
31691
26792
49573
3484
18162
24313
44658
9448
35860
27169
24734
43631
37397
35677
38488
42094
1793
9580
11035
31562
3901
45451
21452
33323
26155
14172
6547
402
13814
48002
29570
31454
7853
47199
648
36170
33493
27587
17774
32353
39821
23340
41764
33291
1050
13727
43503
15289
33602
41084
25302
4719
27110
48090
25200
36436
45803
7745
48549
33849
2957
39128
48628
46373
45703
34254
23696
38058
16102
19236
3196
8844
39687
4971
21403
41990
36011
30511
41423
36316
26992
27874
46943
47589
963
4418
23656
46457
43823
33310
4372
23442
28802
1003
9249
32106
8192
47750
24623
14500
36450
1024
38216
35862
2966
10582
46118
36355
11545
39901
25149
20317
44161
28399
2557
47397
21886
11936
28031
30818
48251
34396
48102
14266
24773
35294
44495
33730
41007
7664
8990
18746
22738
5889
40020
47034
40488
32829
44218
33531
9597
42803
45005
20876
5715
13648
11202
17086
12784
36756
44910
28935
7332
28403
39492
22459
41890
38766
31294
35309
10944
10935
356
39145
21987
17379
42856
14843
14619
38046
2340
33503
11873
48608
27676
22780
26768
33741
15576
533
9520
4526
37403
25449
45849
21076
35655
22168
9553
29249
25038
49972
1818
38072
46819
5166
45120
34053
18588
30746
37374
47508
7951
11813
22250
18995
8800
2470
45334
8362
42687
3325
42180
31090
7919
39008
38480
40966
44766
31759
21412
4931
12161
11362
35723
24168
40017
358
22441
26630
26762
34466
17859
49449
4482
26757
18586
889
42993
44758
36919
29005
27800
46759
3164
9740
22974
5165
25833
1918
3845
46299
16974
11745
43747
10940
49858
3639
6621
29503
39390
38971
4376
9917
39693
5926
40212
14308
31874
20754
14473
1693
36449
36726
3796
34325
44344
45218
6772
30542
21654
28878
10505
45021
46874
25847
30855
41459
18287
24064
44335
11354
26864
38001
31770
38605
12693
10756
46258
17043
43078
1295
31377
10926
9313
30067
33403
31173
32722
7154
28346
12075
37431
1203
45139
17044
22343
48955
27366
33365
17077
12331
14879
47374
35180
25003
43234
25423
38603
34217
27247
35175
15446
3217
12580
2293
7563
14324
49480
17594
40085
33401
8911
5813
15307
7119
39369
33515
49518
44703
44780
21966
46174
47538
11810
1903
6485
49515
3560
8415
22243
26844
268
29183
29192
35997
6421
45133
9680
38161
38115
11649
7574
3296
27489
6877
24785
6509
2779
14484
34751
49097
49805
12810
34604
42903
8361
27491
49506
24584
4212
10834
39565
29419
41171
15703
25347
33581
27221
23420
10877
11794
29329
7818
32169
34882
37025
1535
42977
2858
25636
14914
31515
30079
19441
15131
36294
44316
23748
39740
49586
10604
36630
5754
44516
14566
41711
25286
20948
16020
22360
21066
7775
20206
82
930
2418
35143
7404
15773
39942
1387
42938
15140
6770
31239
3527
30474
42769
23468
24830
4738
36843
28334
36915
14310
47510
3559
11925
14921
7383
21659
5633
43778
21191
145
28744
24810
33232
34939
19882
41441
32654
41987
11785
36234
32302
39067
2673
14105
22519
24396
42718
5706
46578
34384
48780
23057
30230
38964
21980
18450
30815
39703
36764
21254
18730
26860
42138
46372
24250
39302
34770
1256
33037
33669
14073
37075
48613
36566
44336
46773
45820
12084
3377
34776
39541
5442
25955
2515
939
26602
29101
37928
16961
15645
8184
13905
34589
44803
14142
29466
36923
254
6911
15660
47482
36204
49727
12416
6785
13391
37854
49504
8279
40023
26459
1225
9395
12672
24674
17707
40844
31699
26047
21382
34585
36914
15426
43834
4263
43304
37530
32553
36755
477
14882
27139
22823
45873
5212
6280
6410
30413
16426
45782
38660
13453
41337
10875
25414
10131
47149
19532
34852
1762
46660
17193
6993
44816
14104
2327
30547
49475
42342
40146
42516
11757
7984
48875
30173
28097
44705
6535
15009
45804
39127
1739
39734
25099
9824
18699
1169
16672
34316
41820
47312
20511
10966
38090
43228
40496
44737
34737
43756
40658
7636
15718
40949
45566
8899
43927
43351
31609
35484
6613
30061
29738
29420
45701
18502
46663
33823
42830
1817
9359
39772
33378
14789
27044
14397
30826
48143
10477
34119
11562
43410
42104
45712
32590
45196
40562
33273
47231
47630
14635
33266
11235
32388
7317
11565
26301
4213
32650
29052
17878
26497
40156
23604
35198
17412
19943
44689
2190
22509
25585
30156
24046
6303
47415
43420
27384
13832
21304
30442
20133
37089
19284
26145
42487
6115
43575
14041
24653
8541
27017
36631
572
49396
45843
27781
35776
11214
44655
45523
16040
18292
42874
6588
31518
40208
28249
15979
26163
14897
28589
8764
18195
16355
31873
3279
4285
12502
46601
10449
41959
39429
34782
20780
22704
40912
24346
21816
47794
652
4555
35376
17575
1915
38220
30199
14611
31736
38176
15283
40330
49673
49175
31482
49485
32568
34708
10339
17837
8142
42668
40141
2612
46816
16589
14799
48695
7609
40579
7028
43435
6320
6734
33220
27894
49592
47748
11102
2472
18914
10158
44378
26318
5317
26562
47438
41985
24954
28815
42075
25701
15772
33203
6822
27657
23543
29872
16344
24439
16162
13039
21371
17951
30599
45563
35284
8176
21107
9044
15073
11391
46055
34025
15099
32073
44295
28145
49109
43536
6299
15245
18152
26702
49010
6864
11502
43791
29365
39219
11057
30928
22871
14202
36190
27187
49116
3135
43463
9829
34707
722
1218
46671
1083
31331
49246
40897
11228
39064
15355
6076
23940
44424
14126
37423
5996
47039
8817
25778
30981
3284
43066
4318
30203
35122
43510
36677
22126
5239
39111
37971
14452
10813
49815
21735
40533
30253
25968
45150
5366
9956
4112
38284
3817
15117
41426
43124
41877
9958
45833
46747
20218
8360
28392
34900
13442
49529
11951
31491
35336
42939
15358
11837
16088
36833
3824
18352
20062
19600
13083
40340
35511
26086
7291
30659
14261
8572
37637
44366
30670
29910
44958
21410
7193
440
37679
9725
1365
9082
43723
7606
6713
8718
35975
44076
35082
2474
35982
10094
36820
32236
44839
48551
31851
29535
28639
15796
30075
46167
45061
13026
40103
23506
13276
21083
49578
6460
6522
7836
17807
14757
4399
35046
25917
24901
19206
14983
2852
2228
11796
23246
40517
23753
21773
25322
1808
43629
33684
39465
13718
17364
36352
39270
13092
48596
20681
35110
14086
22323
11990
26464
4981
9768
5927
42457
42626
46045
47319
19712
1019
38425
25369
40916
10734
2776
45851
37000
37458
40464
42555
39536
12572
42368
49037
14370
18975
17160
35512
24004
17439
4433
21314
42034
20846
37131
11621
11167
18258
25079
19467
8409
5652
13775
29916
6194
49103
8516
46691
41052
37573
48714
5116
37405
22267
37683
7400
23236
24858
22955
21136
531
44843
38798
41735
3953
22204
26673
37985
16828
12695
30385
5798
9453
22380
48576
32546
39513
35650
38236
23699
35120
4076
41001
12961
33995
39807
6839
33485
5802
22120
8626
34592
24422
48104
25102
12466
47638
21641
17589
27421
3711
8976
38713
5139
21918
8653
10816
28087
5220
19883
17502
40465
17989
34834
41570
32651
42502
22760
28154
8022
9206
43383
15835
39433
24752
33385
14728
8301
38506
1862
38686
47179
5556
49679
30916
8111
7639
7523
13614
49250
12176
37416
31278
3625
15619
46499
39770
17416
14028
1416
47818
42870
2255
44880
24444
17162
13079
42300
40785
43381
20221
15743
38733
25908
15322
41251
11413
42683
32727
16336
16860
29556
39579
32540
49134
39918
39970
18395
36804
9116
23890
4780
18726
30294
46111
37002
48271
10928
10445
31220
39507
11180
14637
11627
29340
40132
17149
17653
31596
29647
39283
13591
4823
870
2881
585
23583
39022
23153
9039
2914
1391
47871
4397
18593
12422
18672
39336
34198
25691
4287
42499
49446
6316
48133
32574
221
8668
3357
34521
34963
5073
41450
34462
49165
6397
35408
43357
39502
5272
562
44672
42388
11265
37147
45974
38495
47793
45062
38413
12544
26140
27378
42944
35505
9474
40070
22537
36780
18036
4003
29928
38608
14354
46699
31996
7022
2434
21267
45907
2018
40123
21257
30357
12318
46787
30755
32887
41070
16724
12249
20110
1325
31661
16430
39317
23669
26105
26239
19547
41112
32832
35489
24860
2110
39571
34292
42810
42024
715
40990
39915
501
5977
6238
18379
32429
38111
1092
17654
8952
33195
17592
3115
33992
34441
40728
40223
20006
35199
31511
11005
28499
19817
24787
40886
2298
29055
47652
34387
22300
1383
19531
459
37786
13109
1751
901
12207
38276
47265
35084
19342
41424
8267
38726
32714
42006
26980
6762
17683
21036
23766
5378
8926
6909
25133
46038
3720
11652
18806
19829
25783
40445
14991
47445
1964
38441
9378
4848
23883
17442
38384
31069
34030
24990
34522
7790
10677
14281
36498
45447
25042
31121
11842
24578
33942
41833
11206
19530
31001
48877
18996
2464
8922
596
4469
5482
34419
4892
23215
17012
22531
3056
1181
20867
47733
38416
46210
41298
4474
11117
13672
32349
34140
13623
4965
39419
25513
23672
38436
25450
49915
290
2012
15418
25096
12194
48604
24142
44888
29934
36108
27243
31903
48752
12905
45779
40019
9192
15607
20239
43198
21681
5092
28979
49551
1300
41256
38850
28066
9960
37659
21856
49258
21499
10344
46569
45045
25721
33661
21050
34759
15407
14872
38797
44720
18991
19592
15698
4205
19251
36229
43623
21172
42611
6176
17560
5360
20942
49042
29584
34468
36505
9682
19171
43678
12606
49000
46413
20128
29964
26337
28436
23666
42705
21515
30076
627
36299
48821
43794
48911
1014
38952
9572
1230
14891
7451
1236
12126
35035
41083
